422
60
72
73
81
85
51
94
81
82
91
75
58
64
64
69
96
66
57
65
68
98
61
52
52
92
79
87
73
88
65
56
75
86
89
56
63
77
74
70
90
80
77
73
62
51
74
97
82
71
52
58
93
97
86
78
95
96
86
51
76
74
79
83
91
58
66
56
59
72
96
84
51
52
83
63
65
76
86
70
95
75
54
51
80
62
78
51
50
61
71
85
63
86
53
71
97
66
79
89
100
66
78
53
96
56
72
77
84
73
95
54
100
57
87
95
88
97
76
68
70
60
67
81
57
65
98
52
86
89
92
75
97
73
69
82
64
87
100
55
87
55
50
77
60
93
57
97
81
75
76
50
70
72
70
63
89
71
51
58
82
98
86
72
72
94
76
75
60
93
50
92
94
58
72
83
88
83
79
89
69
93
77
77
99
75
90
68
83
84
57
62
54
93
88
50
94
94
89
99
61
50
58
98
96
53
84
86
92
74
56
85
55
77
95
98
67
63
57
87
63
61
56
59
94
93
53
85
90
91
91
99
90
65
59
95
86
80
75
69
82
87
55
85
59
53
78
90
80
91
84
85
91
60
67
52
82
64
69
79
62
90
67
92
99
75
97
90
67
88
57
54
66
79
78
70
65
66
61
52
71
68
71
59
62
88
65
62
90
63
64
93
57
95
81
87
55
53
54
62
94
51
99
98
94
77
65
74
53
82
98
83
60
83
59
78
69
70
67
88
54
88
69
96
70
89
100
91
81
56
87
79
59
54
66
85
72
68
68
67
53
76
63
99
81
100
89
85
84
50
80
60
99
80
74
82
63
59
62
60
95
100
74
100
79
64
91
80
62
56
60
78
66
54
97
80
58
81
55
71
57
68
74
61
88
52
67
70
69
65
93
92
64
72
69
99
59
78
61
71
76
98
73
71
55
90
52
98
100
66
50
61
55
50
78
73
85
53
82
100
51
74
55
