4514
33
48
69
93
71
55
1
79
4
88
23
75
100
7
79
18
74
70
36
32
29
45
70
41
16
4
85
83
100
59
43
34
79
23
12
31
28
55
35
53
57
25
76
6
14
57
33
26
8
36
69
22
54
59
2
35
77
93
92
86
22
60
34
94
78
82
65
20
76
53
86
10
46
83
19
78
73
28
97
61
74
88
79
4
70
86
68
39
61
82
69
6
16
53
52
1
55
31
99
5
16
34
95
64
11
36
90
37
96
62
99
51
42
43
23
2
99
49
77
65
81
13
5
27
62
19
56
94
25
31
2
59
89
36
67
11
85
40
96
17
81
62
31
66
35
67
3
95
53
79
52
17
30
9
59
40
67
100
10
64
75
39
71
67
10
65
18
40
73
41
57
1
64
29
26
86
10
28
84
85
4
48
72
93
94
6
93
12
24
23
12
81
93
2
75
18
38
57
72
6
8
61
52
37
51
44
61
9
13
41
18
79
88
65
84
84
30
52
61
81
60
98
75
6
29
45
61
100
11
97
7
37
69
34
66
100
30
12
86
9
57
89
61
73
43
88
65
93
73
40
30
26
83
64
6
13
42
50
57
35
43
75
55
71
36
32
76
44
55
5
44
12
85
75
26
41
44
84
9
30
20
11
17
52
34
92
92
65
52
35
91
2
24
91
38
65
96
50
43
94
75
96
31
87
42
53
33
78
76
33
87
28
15
30
53
50
39
72
31
22
6
25
56
55
73
60
89
21
97
53
36
16
18
85
79
7
62
91
24
39
79
46
5
6
20
10
25
53
32
19
56
38
98
33
66
74
5
34
6
42
29
3
83
27
55
100
47
4
12
51
25
48
15
21
69
79
3
81
46
63
73
79
64
75
98
10
80
16
32
73
19
59
68
33
44
16
81
23
13
99
61
94
94
78
76
72
36
75
25
51
51
5
82
4
36
34
8
1
47
22
19
87
41
12
96
82
35
21
49
19
42
77
71
36
73
23
73
55
26
51
40
52
66
73
59
93
59
12
20
31
50
37
1
43
80
65
48
44
10
49
90
57
69
62
88
75
5
86
65
30
74
59
84
71
81
17
92
34
52
56
48
43
24
84
35
52
61
69
66
55
97
85
42
45
49
38
10
12
46
38
18
74
66
8
29
68
93
97
68
59
7
67
14
90
49
89
20
22
78
85
35
40
84
71
20
65
60
12
8
65
46
47
41
53
41
68
57
27
31
68
70
67
97
7
38
14
73
96
96
77
74
64
14
47
74
62
62
49
23
24
11
72
51
45
35
68
1
23
40
30
51
56
60
90
8
80
39
71
80
78
47
65
46
40
92
5
51
72
28
10
63
80
10
19
71
97
10
37
79
88
86
24
26
95
90
25
76
67
33
95
50
54
50
1
44
20
11
37
74
39
70
7
25
48
21
8
6
10
4
30
15
67
100
69
55
87
15
61
27
11
41
16
35
5
77
14
28
93
94
70
54
24
27
57
94
20
25
28
39
65
82
49
89
7
46
94
8
5
77
66
71
20
67
71
26
6
39
98
93
41
28
71
97
39
90
50
7
76
47
7
82
38
2
11
66
31
84
51
68
5
94
94
99
63
56
12
28
77
70
94
63
9
95
80
71
56
84
8
56
31
19
73
94
24
58
43
23
60
33
6
54
37
45
17
42
74
78
7
26
34
42
44
33
31
9
60
60
49
82
29
76
85
55
36
52
36
22
82
66
43
16
24
7
4
81
43
91
87
78
16
37
53
27
7
65
95
16
82
95
42
47
61
70
67
89
74
9
26
100
81
87
46
50
98
3
52
1
23
68
12
98
40
11
39
92
70
88
20
2
23
73
62
76
35
74
88
38
2
81
33
89
66
76
20
77
90
46
71
15
90
63
28
14
17
14
70
98
35
69
100
14
33
22
99
70
98
18
89
41
75
30
99
100
13
45
85
76
63
38
63
76
61
100
53
81
79
44
66
96
21
97
29
62
54
64
73
18
64
91
48
65
82
80
96
89
78
32
80
2
16
6
4
29
84
92
66
59
93
18
95
39
61
9
85
1
2
26
3
60
37
88
81
35
81
43
58
60
31
14
14
18
40
36
89
27
92
26
6
41
5
81
52
10
93
55
75
35
89
15
87
5
22
65
25
72
52
46
20
96
64
5
21
62
85
87
75
54
70
3
33
45
31
78
48
77
8
42
50
15
23
5
14
67
22
98
88
63
69
1
13
68
85
42
97
17
63
7
73
42
94
71
4
82
4
42
61
85
22
41
89
92
9
21
60
97
1
85
32
58
37
3
42
6
6
22
92
66
5
30
21
68
51
76
47
90
32
49
100
58
63
57
27
18
72
39
49
74
55
13
20
82
83
22
19
8
31
66
32
53
64
2
4
75
55
32
12
21
27
55
95
13
23
35
20
25
5
20
40
86
42
89
77
85
25
38
47
10
25
13
12
14
19
96
49
62
31
1
45
18
65
85
70
65
52
39
38
66
89
41
54
36
94
60
67
51
38
89
68
62
76
66
30
73
49
68
79
4
40
38
68
26
68
100
39
18
6
64
24
45
34
88
70
58
22
95
97
45
94
65
30
68
95
13
72
76
99
95
32
30
46
8
29
35
46
15
93
58
79
92
54
32
27
82
19
99
28
10
80
16
10
9
44
43
10
53
38
43
81
11
1
20
32
5
45
63
57
76
70
8
70
69
35
57
45
37
53
82
7
53
9
16
50
52
80
69
97
65
68
72
46
55
10
1
100
59
100
41
48
76
85
74
62
40
23
76
66
62
60
18
77
96
98
40
98
45
18
7
10
40
34
91
5
18
83
60
51
68
61
27
10
47
41
63
34
53
28
30
47
95
14
27
71
22
77
51
10
81
77
34
11
29
65
39
73
16
1
6
74
49
99
91
99
69
95
85
57
17
25
73
52
76
17
10
51
79
17
89
76
73
27
30
60
70
96
56
69
7
35
92
89
39
69
37
38
57
19
52
2
36
13
19
36
85
93
15
13
76
24
89
26
8
48
23
37
12
75
54
5
87
43
19
51
9
33
72
24
45
3
38
77
29
83
63
2
24
91
45
18
84
52
61
68
10
16
27
84
92
54
74
67
35
24
81
51
59
9
69
43
60
60
81
17
42
66
47
35
28
97
89
18
1
62
24
56
95
71
93
49
84
71
73
45
15
12
9
97
7
84
92
2
12
74
54
82
97
47
95
38
19
12
31
27
78
5
25
80
9
47
73
42
45
27
90
12
22
32
14
40
6
38
72
9
87
41
74
72
40
18
54
82
57
18
48
12
46
49
51
36
80
40
24
42
21
20
26
57
11
79
1
87
78
52
48
49
47
99
38
17
31
39
86
47
49
25
91
13
37
42
46
29
1
81
50
58
12
43
31
80
40
6
93
5
81
41
80
26
61
50
80
19
94
30
38
46
52
28
82
47
82
76
83
37
80
8
100
56
33
10
47
88
49
85
63
32
7
2
42
33
98
97
12
51
4
94
58
13
45
57
43
62
21
40
87
18
53
87
81
6
35
28
76
98
100
8
8
30
75
33
23
77
56
5
50
39
14
9
79
65
58
89
92
70
63
54
43
61
83
35
32
99
36
84
72
35
59
63
31
73
99
97
64
22
12
28
23
17
24
76
28
69
39
65
87
36
15
36
77
78
87
36
34
85
11
95
4
88
14
65
31
53
45
61
59
67
23
84
73
59
53
96
84
16
58
29
37
36
89
32
85
97
74
93
24
77
35
50
1
63
11
11
5
5
9
47
14
79
67
100
75
10
65
68
68
90
35
25
41
14
36
65
17
99
61
74
39
43
64
16
95
77
76
57
26
7
88
10
78
81
57
94
39
7
28
86
22
25
75
37
96
94
1
13
2
52
100
14
63
92
87
72
19
68
41
44
42
91
26
58
83
24
92
54
26
81
81
49
4
9
54
6
86
44
93
52
33
84
20
90
99
9
13
12
15
69
57
89
46
47
6
97
39
15
46
5
9
81
32
87
14
34
30
64
66
59
91
3
57
60
80
7
44
8
62
79
24
8
88
8
34
3
35
24
36
97
85
37
38
75
89
2
28
92
52
57
96
41
51
91
18
3
100
24
25
16
37
23
12
25
83
63
29
57
20
29
80
90
81
37
75
21
33
31
22
69
57
43
72
82
76
14
84
38
79
25
50
70
56
16
43
78
64
37
62
2
82
6
86
5
39
55
64
93
5
95
63
95
33
9
97
32
75
18
11
69
8
21
44
91
81
76
38
1
63
68
56
95
25
56
11
38
85
51
70
76
35
7
98
100
90
83
21
86
20
2
82
52
11
27
96
36
44
94
15
35
90
10
57
34
45
94
89
32
2
95
19
87
56
53
26
30
26
55
50
68
45
55
97
70
23
41
77
86
68
82
15
80
15
17
11
30
75
64
88
87
92
88
3
47
53
46
61
51
47
15
72
86
45
22
94
46
86
97
45
7
26
42
30
40
49
78
74
94
86
13
35
24
60
60
55
23
22
21
63
32
20
59
55
87
27
3
43
58
98
86
54
58
5
48
85
4
34
41
81
1
96
63
11
27
59
13
40
60
54
80
42
81
95
27
28
83
93
43
29
56
31
80
19
33
49
57
1
2
62
74
16
50
85
71
87
31
29
45
86
72
9
14
58
48
90
25
81
55
17
69
45
8
29
46
5
88
61
24
72
98
4
48
45
9
67
31
96
95
100
7
86
61
6
65
41
89
22
84
50
24
96
3
42
2
16
68
57
65
52
98
1
87
15
36
16
45
67
71
44
53
33
38
15
6
17
83
57
64
66
13
47
59
48
81
70
74
70
94
79
77
10
97
2
97
88
47
55
86
1
88
95
64
73
18
46
39
71
41
96
3
100
58
81
92
95
9
93
58
44
3
45
93
71
28
38
62
62
76
96
34
7
31
26
45
43
9
94
54
93
60
19
72
67
100
93
58
55
82
28
48
58
26
65
11
99
16
19
79
31
21
17
43
75
68
36
98
72
32
84
19
64
72
90
58
11
85
67
20
98
61
83
38
39
96
87
80
7
26
44
70
74
54
5
46
96
10
84
93
61
48
9
57
10
37
31
79
48
15
20
50
62
78
40
20
2
52
51
22
15
54
17
99
93
63
66
98
73
38
69
83
44
71
58
83
21
33
34
40
89
69
49
29
42
68
60
76
37
29
98
88
2
78
8
66
3
67
2
51
50
69
51
61
87
62
50
21
3
6
94
43
85
96
75
46
19
60
61
62
51
92
57
97
18
13
51
37
82
11
73
18
89
1
27
83
27
67
23
30
34
17
1
13
82
90
80
37
85
55
70
48
83
95
8
9
69
96
87
15
81
30
30
18
25
82
70
18
48
83
64
55
86
67
56
41
1
92
29
16
80
69
80
12
81
93
47
78
36
80
59
89
19
47
21
34
13
48
58
52
64
71
40
98
63
25
60
60
91
82
86
4
65
73
17
49
60
6
12
51
84
93
40
55
75
45
62
86
2
29
49
14
31
62
68
11
40
43
95
12
67
24
63
56
10
34
79
65
89
100
28
23
56
18
72
37
21
37
49
17
77
7
51
41
98
77
28
57
73
99
61
4
13
72
4
32
47
12
91
39
7
69
46
69
95
72
33
58
66
45
25
4
100
65
2
77
98
70
100
84
22
36
58
14
93
27
58
17
28
98
25
49
49
98
55
57
23
24
52
69
93
4
8
65
52
91
11
8
32
16
33
16
89
30
73
28
12
66
12
86
45
45
15
83
18
21
7
34
100
97
80
57
45
46
88
74
42
16
77
53
6
92
99
19
92
95
58
5
31
51
82
11
87
49
95
76
21
13
88
82
44
37
46
18
55
38
3
10
60
29
92
36
51
100
22
67
57
28
88
33
23
9
43
99
34
21
31
59
23
20
2
52
77
54
70
31
24
26
56
33
79
67
78
57
59
42
99
51
87
6
75
40
50
95
25
43
47
27
25
32
100
37
94
94
3
20
30
81
88
7
86
19
89
92
48
60
75
78
16
54
37
90
34
86
29
96
42
4
20
4
87
1
89
67
98
53
83
83
47
37
67
11
39
71
46
61
40
86
71
54
43
44
78
63
17
3
52
71
80
92
7
88
87
57
8
74
5
69
40
70
90
38
100
43
11
90
76
38
63
30
74
89
37
32
11
73
44
28
97
14
12
62
27
42
80
21
72
18
55
56
62
2
92
19
28
82
49
62
99
53
72
56
98
34
21
66
84
32
75
34
49
62
66
74
48
90
26
23
99
1
29
76
91
24
38
88
17
44
74
24
95
22
59
33
79
7
78
59
12
52
93
48
69
93
79
39
96
71
37
83
91
92
64
23
20
34
37
21
48
42
6
99
10
41
99
42
67
20
36
94
22
5
39
49
100
26
17
37
58
54
40
55
26
73
77
25
83
67
84
14
39
47
30
33
15
62
80
39
22
26
50
11
43
96
32
20
32
1
49
48
32
61
25
100
69
34
88
29
86
34
13
49
48
48
95
61
99
4
71
59
52
56
46
59
5
9
35
9
84
42
88
66
80
69
41
92
76
32
15
79
85
44
82
87
79
46
53
71
43
20
56
37
50
97
60
42
27
78
6
59
67
54
17
90
23
42
39
57
35
72
11
91
77
14
89
17
74
40
56
71
60
89
15
9
19
67
63
68
63
21
4
83
34
82
88
56
27
22
8
86
99
28
75
29
72
35
2
42
7
80
93
47
91
64
88
90
40
77
38
36
6
15
78
41
72
29
40
80
14
41
73
97
39
56
99
71
16
32
95
23
50
94
24
90
64
100
94
60
14
88
52
52
99
20
76
99
55
10
30
80
45
86
99
48
38
72
23
58
15
99
60
73
24
97
96
69
21
47
50
9
69
89
64
83
40
80
20
76
99
48
21
99
94
36
45
99
84
36
30
50
32
51
35
83
55
1
40
26
70
11
43
29
23
39
72
96
78
64
19
10
61
86
15
79
82
2
98
72
65
46
9
93
92
92
27
94
20
9
71
76
100
14
50
60
65
13
19
58
87
8
27
95
78
75
99
51
9
33
87
50
18
24
2
6
8
60
13
30
24
29
73
6
11
86
29
28
21
60
7
48
100
81
78
29
84
77
18
7
88
55
31
21
45
97
46
98
99
97
26
58
79
33
84
89
9
84
22
91
31
89
64
30
80
52
12
77
70
28
74
9
100
95
92
18
6
5
29
83
87
42
67
51
23
8
28
55
25
86
8
99
23
64
59
45
60
90
86
9
47
66
56
18
62
41
23
24
41
25
19
80
35
46
50
18
20
47
73
15
3
56
59
29
57
95
75
46
15
40
97
18
58
91
22
54
4
72
10
51
100
82
20
77
63
37
73
17
39
27
58
48
88
66
6
79
22
77
47
66
62
84
6
100
89
82
78
69
12
100
78
32
70
57
98
36
2
96
62
67
82
90
79
48
22
10
86
64
64
78
53
77
12
25
43
68
14
69
72
19
61
5
57
9
51
37
66
36
59
31
58
59
3
91
98
22
94
54
3
50
96
39
64
56
33
3
22
98
91
85
93
75
92
33
31
3
82
38
65
35
64
38
37
66
53
15
24
98
46
36
53
2
74
12
63
77
31
72
35
75
3
87
6
38
66
91
54
73
24
29
96
4
81
7
58
49
62
80
68
98
87
16
56
48
90
12
35
70
44
23
48
39
64
23
80
30
71
63
32
1
59
28
84
40
61
26
74
30
21
93
44
25
79
41
68
22
32
66
84
50
3
78
52
22
80
30
33
93
4
68
84
10
82
8
17
90
52
68
13
50
74
73
2
72
90
29
25
82
9
34
92
64
49
49
53
8
14
79
12
65
21
20
27
28
16
19
66
63
57
19
2
70
4
78
53
43
79
25
85
71
91
10
83
98
55
61
100
78
61
70
45
27
95
62
48
34
48
81
79
67
19
14
93
34
67
44
88
73
9
22
7
18
27
26
70
92
6
50
37
17
47
73
37
16
22
82
76
72
66
94
14
74
93
48
71
44
44
78
52
26
24
56
78
93
16
54
32
25
20
20
74
56
8
46
91
53
77
52
72
13
88
21
27
30
94
92
3
58
21
94
41
66
94
85
59
64
90
75
55
56
54
16
29
50
97
43
51
3
60
27
46
30
10
61
16
31
14
52
24
72
16
70
12
97
84
28
42
50
99
11
84
95
83
54
56
27
50
3
54
62
27
34
22
46
66
96
3
25
95
66
75
75
88
64
32
57
44
4
54
55
33
67
89
90
94
25
98
59
84
65
30
59
47
56
1
33
3
33
18
53
45
74
27
15
91
39
35
41
36
11
61
28
79
56
91
58
65
92
40
48
98
43
91
13
87
26
31
11
41
96
26
72
89
29
46
91
54
83
40
30
28
4
84
5
15
44
62
63
49
98
19
7
39
69
81
62
25
11
42
74
89
84
97
70
15
17
60
36
6
70
87
98
50
3
33
49
85
21
14
12
44
84
71
8
17
41
93
86
66
62
1
77
70
62
74
55
77
1
10
84
28
79
8
54
69
44
3
90
75
84
6
4
7
98
27
37
42
26
61
16
71
92
70
20
13
90
13
87
53
41
45
71
58
16
62
41
8
92
54
55
85
77
51
90
38
38
66
63
77
66
94
29
5
15
43
34
66
78
24
24
3
11
63
54
92
53
68
68
11
56
83
52
53
50
21
19
50
95
6
11
17
97
38
91
10
30
83
28
16
58
16
33
69
7
67
22
68
92
48
91
72
31
13
51
5
19
54
13
57
76
6
20
51
26
28
53
60
1
58
21
91
18
11
40
49
24
24
2
16
80
19
77
49
52
17
21
68
48
97
71
19
21
68
65
87
5
18
23
33
53
51
23
44
19
46
34
61
63
72
38
6
16
14
34
47
93
85
64
79
83
15
74
17
86
33
88
6
85
53
88
29
62
99
100
57
2
7
92
58
43
36
81
82
87
53
87
40
55
90
73
78
93
67
5
81
32
49
87
14
58
34
28
63
83
80
40
78
71
15
97
59
70
8
19
94
90
39
92
33
2
52
45
53
97
44
67
15
75
82
14
91
13
73
34
7
39
91
85
52
91
64
77
15
32
29
95
83
15
63
63
23
48
68
47
93
1
3
42
14
59
64
69
100
50
72
17
2
46
45
81
31
5
61
70
21
33
85
24
81
30
54
79
83
18
11
63
3
75
4
36
69
51
86
56
83
13
42
5
35
59
17
2
94
98
69
10
86
96
78
15
15
73
2
46
42
68
92
36
30
44
3
44
19
71
46
47
11
9
64
14
25
49
78
3
96
67
31
82
92
99
76
26
59
58
54
1
31
72
30
4
96
78
1
94
66
96
55
86
34
25
74
88
61
100
91
93
60
47
77
17
83
56
90
9
99
61
76
46
58
32
33
79
28
36
42
18
41
40
4
89
44
48
16
57
96
87
4
9
32
37
47
59
54
17
55
17
13
25
21
34
5
22
64
75
16
47
96
71
43
23
64
54
63
56
84
13
45
38
21
95
28
29
48
39
42
63
51
10
7
3
4
84
45
3
44
26
74
1
26
17
3
91
99
13
59
64
64
2
34
71
44
16
53
68
71
32
34
90
43
74
44
79
95
82
89
89
27
11
37
10
8
97
86
49
38
35
40
79
49
31
18
75
29
60
8
56
63
2
55
23
50
12
46
81
24
78
85
75
22
60
13
54
19
61
57
49
56
93
58
44
54
75
76
27
95
81
22
76
67
60
77
76
41
4
3
23
55
44
58
2
98
87
25
17
90
1
59
62
99
12
85
44
20
91
44
17
17
8
74
74
3
66
38
99
97
33
69
13
69
36
36
12
88
37
66
43
83
54
39
73
4
11
80
4
79
65
88
48
41
85
70
63
53
62
68
75
27
4
50
50
22
80
27
26
13
90
60
34
40
20
86
97
65
8
91
91
100
22
98
30
70
90
14
71
35
18
41
91
35
15
74
35
98
90
59
87
4
56
4
80
87
82
1
25
83
17
28
59
47
21
39
78
11
76
37
15
23
32
8
59
70
96
85
14
68
42
15
78
96
55
90
50
13
61
91
49
27
80
86
36
7
59
13
21
41
85
47
75
29
88
35
51
86
83
64
72
53
19
3
41
86
16
82
77
33
39
84
23
7
81
38
31
58
19
73
32
14
94
77
9
46
96
32
71
61
24
30
83
85
7
96
12
97
100
