2350
74
19
74
31
29
97
26
33
50
56
95
16
4
61
26
2
66
15
75
44
92
37
85
25
34
74
21
92
27
86
61
52
29
54
42
26
26
70
56
64
16
19
68
75
44
80
18
57
98
80
44
8
81
64
87
66
82
76
3
50
16
69
73
40
14
86
44
57
17
23
65
36
32
49
75
51
78
46
83
57
72
67
90
75
28
19
3
76
24
63
42
4
4
97
82
12
77
9
87
39
95
14
80
71
31
53
92
42
55
96
98
97
21
57
97
78
41
47
28
7
78
87
15
54
5
75
8
27
63
82
39
8
57
43
11
79
65
23
88
19
15
53
85
28
31
96
67
68
50
26
24
69
72
17
44
9
26
68
61
68
87
78
34
61
85
42
13
60
60
97
46
12
69
52
10
30
10
8
65
10
68
7
98
79
68
68
57
52
17
81
60
55
91
9
72
22
39
73
31
97
15
48
54
56
78
64
76
47
96
2
86
61
46
98
90
31
67
72
55
3
91
57
84
15
30
67
62
52
67
38
86
11
5
82
18
13
3
55
30
73
64
88
37
4
26
84
52
61
80
2
35
24
47
76
89
8
87
72
46
52
45
34
35
11
83
8
45
47
54
80
6
17
59
76
9
25
10
84
60
71
13
50
89
89
48
1
53
29
64
98
43
70
80
92
66
12
82
60
65
34
24
40
1
67
51
13
60
74
98
62
41
25
64
42
3
49
86
7
96
40
82
89
63
96
74
4
74
37
57
3
82
2
66
41
18
33
89
37
81
76
19
36
29
99
95
29
79
41
86
72
48
81
95
39
9
69
35
84
77
27
66
25
65
17
54
74
13
53
26
88
29
68
13
53
67
15
58
52
85
10
73
71
48
100
38
7
1
28
2
100
2
40
81
31
50
64
11
7
83
15
51
20
45
67
54
95
78
44
77
51
75
76
62
94
57
16
51
21
48
83
7
37
54
98
65
5
13
8
38
20
91
96
5
88
66
55
88
43
58
50
81
85
49
90
41
21
18
84
25
55
17
77
70
57
99
95
18
15
65
83
45
38
80
39
53
76
21
68
15
86
99
68
39
77
27
70
4
25
61
97
58
100
72
91
79
24
87
35
86
52
9
35
84
23
86
44
56
82
18
76
74
22
63
67
62
39
77
88
44
13
26
46
46
100
80
21
9
56
4
99
42
39
6
54
27
75
12
56
76
78
73
64
79
20
59
81
3
28
2
60
71
46
56
10
78
24
69
59
33
96
32
74
23
1
90
70
27
26
19
9
93
33
93
29
84
30
42
51
76
38
82
1
40
55
62
72
4
36
48
31
48
41
23
94
26
3
40
28
32
86
84
33
69
69
69
74
34
90
29
37
63
99
51
16
22
61
41
66
44
39
89
43
28
9
70
62
46
63
1
82
14
1
91
55
36
75
96
71
81
9
69
25
80
88
83
49
100
79
92
53
77
59
56
3
59
60
10
87
30
78
16
53
41
16
85
94
14
56
7
29
78
13
12
17
56
2
60
3
6
27
82
91
34
83
87
73
55
17
100
80
10
17
85
85
100
58
20
46
95
20
34
65
55
45
1
71
26
70
32
21
64
13
40
56
31
32
6
31
85
38
47
40
18
42
81
60
73
83
62
5
29
27
90
5
89
93
51
66
6
91
2
18
42
43
19
33
19
68
96
52
45
27
85
76
35
47
69
14
66
45
15
59
17
11
3
15
19
61
1
33
46
69
29
12
25
45
20
1
95
9
79
93
4
47
45
88
9
65
85
91
63
14
1
67
12
41
71
7
16
38
91
10
47
55
37
30
14
97
88
82
33
82
88
62
67
87
26
75
93
11
2
92
4
88
53
53
23
54
21
36
87
57
53
80
8
89
79
84
94
90
54
10
93
81
31
36
12
58
94
2
31
18
42
34
72
1
71
30
84
1
7
62
66
50
58
47
77
82
64
90
29
30
14
11
58
64
39
9
25
48
7
1
8
13
49
42
80
4
59
15
69
6
2
83
79
4
79
57
73
92
37
20
38
67
6
21
77
63
14
42
23
35
91
28
11
99
99
58
32
74
53
19
21
49
60
71
99
22
63
98
94
44
42
59
70
8
11
30
15
13
94
91
52
59
12
49
34
13
17
41
60
37
79
27
60
15
84
98
22
24
21
45
59
90
78
95
23
55
62
83
51
92
40
93
59
18
94
41
19
7
85
24
49
25
38
97
62
66
35
90
12
6
63
38
96
41
28
78
14
62
77
49
35
8
63
66
69
63
10
44
11
64
61
24
32
88
85
69
52
86
55
36
49
15
12
93
5
45
3
8
39
69
57
88
79
93
98
72
88
24
100
87
15
30
67
48
94
90
51
80
54
36
60
87
86
84
97
60
40
89
43
54
98
96
58
30
5
66
22
46
73
20
68
91
5
60
21
59
45
63
33
4
80
72
47
76
47
49
95
35
82
71
30
6
95
40
22
80
92
53
80
4
73
6
37
72
2
61
58
72
53
95
6
76
49
54
50
45
25
18
44
45
14
76
13
70
5
52
11
1
99
8
30
29
50
46
46
76
35
33
10
45
80
90
94
34
11
26
86
72
29
29
27
33
77
82
52
90
92
25
17
79
16
39
74
48
64
44
48
87
3
2
70
71
94
21
34
99
100
72
43
61
1
51
98
86
29
91
7
10
40
93
58
23
42
98
25
83
42
39
100
10
50
61
67
89
96
50
99
85
31
33
14
22
58
93
92
15
5
41
11
98
70
59
70
22
32
9
7
13
81
54
42
62
70
83
30
86
59
87
48
95
5
5
17
43
36
47
89
74
87
75
86
81
42
57
2
48
32
47
71
73
19
3
88
66
35
62
58
93
87
73
13
9
44
20
3
65
43
35
59
93
97
20
99
51
7
65
92
2
72
79
60
100
29
22
100
56
6
22
39
67
20
37
40
52
44
64
18
92
70
21
36
8
75
97
16
18
44
84
27
75
67
56
16
8
22
14
87
70
25
97
70
98
79
88
65
75
22
36
8
52
79
13
96
20
26
19
72
28
70
41
40
32
9
39
24
50
43
32
38
48
51
18
17
17
23
20
46
98
28
95
9
68
59
63
64
16
98
65
85
11
77
46
85
87
45
21
21
71
91
77
75
10
25
91
26
34
66
74
68
28
80
84
69
62
47
46
30
86
18
34
16
65
99
94
19
59
35
67
67
100
18
29
53
57
17
51
88
98
1
18
37
72
58
70
56
71
53
62
85
82
44
24
42
58
47
96
53
37
2
32
23
16
28
43
31
62
80
87
26
35
78
79
52
7
32
5
32
79
23
28
32
20
41
71
89
71
23
79
41
50
12
64
23
12
78
80
55
68
74
21
43
77
37
33
43
90
2
16
31
90
22
25
15
84
60
24
90
29
25
43
11
49
63
62
81
81
91
34
15
22
82
50
11
6
12
88
68
91
27
24
53
33
92
74
10
77
36
30
34
96
88
84
61
99
84
90
84
98
76
19
63
14
24
24
96
65
58
81
38
92
83
28
28
95
38
92
14
94
6
32
75
20
78
27
47
82
78
77
13
4
16
68
12
66
42
41
92
90
61
100
36
60
63
5
90
75
14
34
73
70
72
67
90
94
25
44
43
94
74
33
90
61
37
38
87
68
97
25
62
41
36
37
38
5
52
66
19
100
8
72
40
54
94
28
57
53
30
13
50
17
12
60
44
24
40
97
39
63
83
46
61
93
1
17
19
34
2
89
65
36
5
41
2
64
46
1
45
64
54
81
43
83
83
80
82
22
21
23
36
52
52
93
51
97
100
88
35
38
9
77
4
66
47
34
99
22
61
33
6
95
6
99
57
85
65
74
14
36
3
86
37
51
93
31
9
83
72
10
10
87
75
75
77
86
53
51
52
71
29
38
100
46
89
16
43
2
90
35
56
70
55
42
55
27
89
39
85
71
81
98
20
18
25
91
50
42
94
18
96
31
33
51
7
6
68
49
7
73
28
44
19
38
9
49
89
42
75
5
95
77
38
61
49
21
23
35
71
71
48
23
43
27
78
77
33
93
12
42
14
97
60
92
11
55
58
93
34
63
36
70
73
18
5
38
47
91
39
16
5
52
96
22
20
63
9
68
89
72
39
22
27
88
4
19
38
45
1
55
84
15
93
28
37
64
89
66
4
14
40
70
100
75
11
67
43
38
92
50
54
73
48
62
59
36
10
100
45
80
19
6
65
19
9
62
93
97
84
46
8
65
63
24
40
48
21
99
55
66
65
51
66
44
3
77
21
37
98
15
11
72
62
40
20
43
1
91
57
44
96
54
48
46
9
58
59
47
21
33
29
8
96
2
77
30
76
26
24
66
11
52
29
26
47
99
87
26
18
84
33
37
16
59
75
75
42
14
27
78
48
20
31
35
69
16
7
69
97
17
24
61
13
85
89
97
12
87
68
54
47
56
38
62
12
61
16
60
57
10
69
40
95
34
66
45
6
89
3
37
22
81
6
28
4
27
64
7
48
97
33
31
85
71
18
39
56
31
65
70
7
39
35
64
83
32
65
37
99
10
30
23
54
18
83
83
54
22
46
43
92
57
7
76
48
86
56
91
6
12
38
49
92
24
53
49
81
20
19
57
85
56
79
36
6
95
15
51
66
55
51
96
82
14
39
45
21
73
25
87
40
83
99
26
4
67
50
13
67
40
1
86
91
15
76
10
13
49
35
96
69
70
27
54
34
99
94
5
93
17
6
53
16
73
12
48
60
73
3
32
49
17
74
67
100
72
21
10
90
59
2
12
6
64
63
41
50
79
39
59
17
69
56
78
100
95
56
49
74
100
31
86
65
19
10
57
95
81
73
30
57
44
39
78
73
23
30
94
49
98
69
84
3
25
61
78
20
71
27
97
5
58
48
45
9
79
35
31
95
17
31
93
60
92
89
27
53
80
11
98
83
2
51
12
32
32
61
13
28
30
47
34
56
89
8
48
65
83
11
37
82
73
52
8
41
3
99
77
89
77
32
80
58
49
76
81
50
89
41
100
27
78
75
55
40
88
68
23
43
18
86
74
52
29
26
24
78
55
76
74
14
28
55
92
17
68
88
30
20
31
95
98
92
36
28
11
51
14
50
23
79
50
59
94
76
45
83
31
26
82
54
4
100
96
5
56
11
71
7
68
32
81
81
25
54
46
69
94
3
63
34
84
82
53
7
78
1
35
64
58
8
36
75
14
35
94
74
49
4
94
43
41
93
3
8
58
51
19
1
81
33
74
25
4
84
5
94
20
13
16
76
22
55
22
30
44
95
91
73
45
7
97
93
32
46
36
40
36
26
12
