1220
87
72
37
38
67
80
72
10
43
18
23
99
80
52
55
56
52
16
76
95
8
76
27
81
27
32
77
63
13
75
17
20
30
89
37
16
80
39
80
11
67
10
73
47
78
50
76
98
25
91
95
40
56
5
45
77
48
83
62
50
40
19
11
91
23
99
66
5
1
31
58
38
48
88
64
28
87
73
29
83
33
63
1
60
92
16
78
54
17
89
58
79
97
71
61
59
32
77
39
71
69
49
96
7
44
98
93
74
25
49
13
100
77
53
17
63
80
27
89
70
51
79
83
14
35
78
60
88
68
53
87
90
78
27
31
4
86
20
53
22
89
52
32
100
61
70
75
79
38
39
42
60
17
43
82
73
74
37
87
46
99
44
61
54
1
93
74
51
26
52
83
30
44
69
71
51
11
40
82
21
3
79
8
66
97
69
44
74
32
61
67
45
15
55
21
33
3
32
24
26
46
25
77
77
38
99
97
49
8
61
23
94
39
38
2
36
64
11
49
2
21
12
54
1
29
33
68
10
49
50
73
1
86
46
54
25
27
74
63
100
13
39
29
36
38
70
2
18
32
84
98
21
65
95
42
96
15
15
16
79
100
68
86
52
50
75
58
70
91
79
5
72
76
97
72
38
46
69
27
8
80
90
64
92
18
4
32
51
35
76
24
80
20
1
89
50
31
87
100
41
16
66
61
75
34
73
93
41
28
53
40
43
78
77
5
29
44
88
69
7
57
41
43
91
78
40
17
65
72
44
42
25
95
57
35
10
19
84
79
15
7
79
93
91
97
60
33
72
52
43
25
58
69
82
88
13
51
24
35
55
87
11
50
6
15
59
85
53
13
52
4
75
23
57
25
69
67
94
43
74
44
19
92
6
85
50
63
9
93
27
93
81
46
38
52
88
31
92
68
26
56
60
99
73
35
52
93
75
82
14
62
56
45
19
45
54
62
57
38
68
44
83
86
11
95
2
48
54
10
32
7
80
24
35
13
95
72
36
76
34
86
89
50
12
58
21
48
65
6
30
97
99
92
47
14
72
98
77
23
7
50
65
77
71
37
79
73
38
96
29
96
28
69
21
36
85
44
55
10
73
94
35
31
37
62
54
70
73
97
81
89
33
57
22
98
92
9
42
74
94
100
32
81
99
79
72
41
7
92
27
61
54
59
45
13
96
71
18
42
15
82
37
37
70
64
7
40
54
22
55
18
16
57
98
81
15
93
37
37
13
86
20
93
81
25
21
46
17
52
2
100
18
17
97
16
59
86
16
40
70
70
80
60
81
60
64
9
66
3
12
55
86
94
53
90
33
78
64
14
87
6
65
54
2
20
90
82
1
53
17
26
47
69
40
67
77
24
28
27
58
28
88
3
93
14
34
81
24
16
8
31
33
23
68
93
98
95
84
36
17
4
31
94
2
6
69
30
70
62
22
67
47
31
66
78
64
62
5
82
15
48
49
22
82
29
12
75
24
85
56
22
97
14
28
64
66
4
72
59
95
11
56
57
83
29
12
20
5
3
37
12
14
22
91
3
80
11
88
85
86
49
35
34
27
28
65
98
36
75
5
33
21
14
94
30
92
54
60
56
3
4
19
89
99
34
18
61
14
75
23
51
35
2
27
82
7
13
76
50
71
9
76
20
21
47
16
57
9
61
61
67
85
6
96
52
86
96
23
98
48
90
49
88
49
59
9
75
58
71
39
3
5
85
74
73
28
25
64
47
12
63
62
79
42
11
2
99
40
41
51
10
91
22
83
15
19
84
41
35
45
43
71
39
4
42
58
68
26
30
90
77
41
17
65
91
58
22
10
64
91
48
20
14
94
76
24
83
20
92
42
26
88
81
57
28
68
2
97
17
21
66
84
7
44
23
62
39
36
72
65
88
27
36
6
95
55
95
1
23
65
30
11
22
43
28
80
67
95
89
84
85
56
91
86
41
94
69
48
96
7
33
28
19
3
19
73
85
98
31
30
12
90
91
19
70
59
26
14
82
42
66
1
49
62
25
31
46
81
89
78
99
9
58
55
34
56
36
53
36
34
20
17
57
24
40
24
98
39
55
24
33
54
43
51
33
87
36
64
76
81
8
66
74
18
87
55
63
4
96
86
83
28
31
85
75
16
91
6
68
83
39
90
26
38
57
46
100
77
23
50
87
59
44
90
67
4
45
45
59
68
61
95
62
94
29
88
79
66
31
11
55
23
8
84
9
26
49
6
23
15
100
35
15
37
52
12
24
5
30
41
83
18
52
21
78
30
85
10
92
89
64
67
51
31
58
59
48
70
43
84
21
26
65
39
20
11
82
9
47
59
5
11
8
47
71
26
42
3
92
46
24
62
68
6
59
73
42
43
60
63
36
22
18
84
65
18
1
78
10
96
7
72
63
60
22
55
53
97
10
16
9
83
78
79
84
67
45
8
98
63
65
20
45
15
2
64
13
30
61
88
34
9
35
89
99
67
93
27
29
49
90
94
18
53
40
4
29
43
51
46
46
53
85
62
91
97
67
19
69
45
26
84
33
29
75
39
32
70
15
4
32
8
63
37
56
13
48
99
58
53
1
4
66
61
13
43
92
8
41
38
65
7
74
94
51
46
75
34
57
32
90
26
8
46
58
76
87
44
48
80
5
63
74
94
86
10
29
63
12
51
30
100
40
68
60
38
69
3
29
8
47
66
90
62
71
14
68
34
25
9
71
78
56
44
25
90
5
50
42
96
60
77
19
9
42
19
34
100
48
84
70
81
2
28
3
32
16
6
87
20
