100
99903
99951
99928
99970
99933
99910
99998
99967
99995
99966
99918
99996
99980
99982
99938
99906
99935
99901
99994
99958
99915
99965
99987
99945
99954
99911
99909
99999
99948
99988
99939
99953
99977
99950
99929
99971
99963
99997
99973
99960
99976
99981
99900
99927
99983
99930
99974
99941
99993
99926
99979
99922
99989
99959
99972
99992
99946
99920
99937
99957
99924
99907
99913
99962
99921
99936
99923
99956
99949
99917
99905
99931
99952
99944
99902
99925
99955
99940
99934
99942
99919
99991
99961
99904
99912
99947
99975
99916
99943
99986
99914
100000
99978
99969
99964
99968
99984
99908
99985
99932
