395
103
171
64
63
89
146
149
139
92
101
184
99
156
142
104
77
156
75
100
61
62
185
137
72
113
80
178
144
111
150
173
180
185
85
140
142
81
107
65
89
52
80
167
70
187
134
119
57
116
150
85
95
152
105
191
153
190
183
192
187
108
122
55
155
132
78
173
166
166
128
181
79
105
186
154
172
66
159
143
161
107
138
153
127
162
153
53
193
88
52
82
159
114
106
83
144
56
142
154
52
55
136
85
146
61
60
120
58
136
155
200
61
78
192
87
156
151
126
163
140
83
75
131
110
133
106
72
109
137
189
160
104
65
152
77
129
199
150
179
50
188
116
197
116
183
66
186
103
157
67
92
174
112
78
147
58
176
92
161
196
130
59
197
74
127
196
141
134
84
161
50
109
51
132
172
185
124
119
184
57
76
81
131
189
145
120
63
121
165
115
94
127
178
148
69
170
141
144
67
74
95
59
182
151
164
71
76
179
138
198
194
128
159
135
197
98
158
138
71
165
122
59
189
175
69
82
70
182
89
162
97
88
88
187
69
168
58
173
125
168
56
191
162
147
114
145
104
139
167
96
121
132
83
188
90
63
157
73
135
105
180
64
171
199
96
179
68
143
106
95
168
77
109
129
149
97
177
93
100
123
125
113
175
163
128
177
184
174
73
64
119
172
139
82
87
117
129
115
198
93
66
190
124
193
103
169
84
102
134
117
112
191
169
131
145
102
54
71
130
62
75
101
115
72
155
107
98
62
181
160
76
80
195
137
102
120
200
86
143
200
146
98
135
170
170
60
111
54
166
149
133
164
194
136
94
190
122
117
171
53
84
147
73
195
199
158
118
60
111
51
141
114
123
91
188
51
148
186
100
101
165
194
91
57
56
133
151
68
118
79
96
86
74
108
110
