5000
78103
28697
18665
25530
25712
83968
48677
4800
858
73032
80526
32781
93057
9307
19933
23470
72632
50138
22593
21106
37105
73678
16480
21384
14627
5221
21748
54877
52745
47907
21333
38337
12579
73556
53389
36266
93652
409
23753
62257
92692
18255
97818
54654
89237
71770
13099
54691
51002
62980
18709
71416
92006
79536
66255
87162
20068
59024
76473
774
77402
49623
44235
66755
51079
64666
1599
53217
27000
84549
30764
27263
11049
77994
25820
74531
82882
74177
71230
42479
15498
55002
99143
82432
56307
369
91659
92994
76319
87131
66060
5074
56112
23361
58563
62735
85510
22166
65576
33283
29157
17094
21229
55512
90891
95327
64794
82184
49404
89374
79663
86055
54455
13289
83671
93672
59235
21205
42241
16603
90590
49035
48874
54721
36566
79545
30089
71894
32246
64273
56997
71556
43849
97608
57584
74572
23208
14330
89618
43580
82199
89028
58364
87959
48723
84260
17850
22419
53680
66479
19886
34524
70615
41127
43720
78940
12022
93452
37361
32087
621
90713
53826
83832
42386
61707
81479
31152
50940
19637
92429
5198
94782
51313
95664
57862
19748
8824
26024
96055
3497
93304
43075
89476
16671
65594
71160
64087
8637
32282
43455
27002
30948
54910
25562
33503
41493
93009
62466
36800
99296
48812
14615
94855
1533
76588
86855
90815
34116
20043
90095
72830
40739
7110
42010
18846
8436
60123
24479
73448
15072
67172
88178
5585
10758
66134
22180
77175
46964
60448
54457
52136
23898
70767
30667
42181
20723
77464
33733
20540
4320
85378
17624
23038
12808
10735
67245
52819
93893
18358
2663
24354
62535
94647
12851
82060
34985
47527
64105
70137
91003
84602
51073
55867
99049
55341
90521
40031
73569
4491
47034
73427
1783
4302
99818
36758
23618
57036
60326
50278
86438
35314
29127
563
65613
23882
77347
26058
15971
44186
29638
44403
24234
32062
41755
61739
40906
85639
64755
17416
80890
51775
5026
85333
27927
30421
44338
81521
88703
68782
54321
24869
94340
71557
27600
46848
38050
55458
19978
97684
5284
90507
32531
72883
2499
22919
98827
11076
36508
71638
61725
34560
77526
88528
75632
5729
26286
87595
41801
69139
29748
65680
32522
29186
25163
91729
47143
92895
74496
64641
31581
63740
58870
29970
53042
94090
43209
48269
18071
58721
26837
33435
33738
99973
43243
96183
35829
2737
41698
76325
16096
84146
2752
32268
5372
91020
18592
84282
10863
27830
22528
17533
1359
37610
66637
21699
45904
65531
3959
14503
73381
66033
82009
83721
34908
47881
87188
14166
20913
73516
60704
20769
90232
31127
74304
91533
29817
32448
50789
26793
22069
82482
18708
45548
55630
60741
58353
83900
39122
92366
39213
79277
25264
98726
54575
10564
6448
37825
9429
76560
80804
43507
68247
53884
72581
64145
18017
75958
37767
50707
71997
23464
70495
90850
13321
30083
20010
68264
41179
3997
53474
58768
29256
75051
97203
59434
53852
75918
17012
80601
76794
72020
80715
10265
19002
26375
42873
38016
2750
87196
33663
40810
40082
93336
53327
11084
53906
41971
97272
86053
88508
35047
97240
96127
38398
24990
27470
75871
76624
3322
11136
16725
60652
71394
71873
9877
63115
31884
99476
98308
31780
81878
34972
72410
34738
76312
46019
14963
74418
61466
18023
32179
12309
99046
72697
73273
1227
36760
74571
9801
49180
11581
17962
35564
85082
78146
16092
4458
32299
80471
69025
9624
73761
45724
74346
43825
1417
39142
44437
63857
73021
79433
20761
51360
2557
39148
51378
15263
58836
45879
1756
78167
49718
17728
36420
68583
687
31816
39357
4731
68457
10135
81734
77351
62307
48739
96720
55303
41861
40608
89191
22632
37154
12814
79382
77598
24355
84909
71055
65515
27728
75250
37815
64864
69182
35388
69443
45342
36620
32206
74627
66687
42839
30804
82989
13737
98729
23034
88639
47020
47003
59249
8812
80003
8552
41670
16653
59702
43283
38807
65655
14673
89146
12869
70308
35638
41266
47684
64706
33229
85686
97434
95683
35034
68127
65690
96719
31202
43430
46318
47219
36343
37254
66496
97185
70802
62691
70867
11733
82001
68299
46386
50993
2474
80585
60232
65198
67258
89546
29489
64679
99491
2096
82860
36059
2450
93014
26744
45610
78403
92234
48884
26328
72107
21670
78578
33284
74325
45010
33900
98638
52454
97704
19166
15078
85666
85663
41733
3490
67211
20302
13692
98886
99722
76661
88536
35910
74856
36889
93311
81345
64085
31572
6048
86747
71657
5808
87711
20532
94644
66268
91769
39383
87819
45429
61776
46103
5993
23594
18182
13788
67843
55397
47403
25444
56221
2707
42912
68860
552
22588
28284
60685
20758
55373
59038
23148
40600
30946
98806
82481
16520
57708
8077
38077
18181
3231
87691
17649
45471
24631
94833
32739
22508
19795
11850
1956
76086
394
37030
82604
2395
58143
31882
28548
19989
46265
84312
64782
19634
39650
82185
2778
12132
16510
27467
78249
37367
68434
61261
39512
74717
59221
14042
90993
67249
8192
42039
55059
11169
86151
6605
84470
5579
78961
94998
23525
31061
49242
35790
49446
23508
17187
78420
83539
97690
20801
31222
59417
69926
4275
56738
97985
56822
22641
66541
46165
90515
82315
50058
79987
48869
89989
90483
20320
56617
21593
34424
19060
82426
89488
84650
73754
77001
18286
33899
51406
87811
76152
42961
6563
32108
26555
84468
72739
98552
25683
8054
12526
94249
53815
62935
38515
85079
65177
96440
45674
23263
27886
93236
17032
39782
83916
14233
39530
62483
14167
9559
22904
93564
63183
66153
81263
24020
63840
62054
45645
21173
67818
58185
77095
6773
94716
94207
13076
83980
82884
50886
27493
62909
3787
40404
17262
86490
4296
45243
50318
10090
2922
62957
23217
12490
62765
74966
61676
11079
51835
1635
27596
76687
6136
16914
54376
28259
91235
74543
50644
21329
6889
60915
94503
28997
34653
87232
62194
78282
69813
39128
12244
1053
96928
15159
77119
72289
66548
12572
58875
82513
69045
93229
50411
34712
65538
22425
72174
60166
70207
4413
28947
29003
74617
1426
65931
49699
49104
25416
45387
48339
72594
5057
91488
844
98556
86296
26148
7700
91497
20300
51574
39079
69280
29348
44366
37626
36533
62135
24619
3224
97433
78455
11776
75667
61778
92088
69210
72190
94117
92113
86257
67589
74257
85043
57976
46405
46176
45005
53047
85570
73261
18277
12714
47341
33158
34690
99177
48954
19874
45852
92273
6865
91971
71951
42618
66850
78872
78703
40376
75893
29030
57412
58636
54689
85551
10846
31045
46938
27549
84353
22808
93016
39772
86728
74214
11989
36849
64104
66434
41640
21195
94418
37415
29269
27580
14032
63533
30044
93685
40954
49943
15178
40032
31660
76900
97693
56227
94141
23378
57072
72351
71698
32955
13637
39747
78547
15028
10025
11293
58007
39596
34670
51164
54953
69962
96288
17605
41259
99027
43514
73914
72645
13664
11816
9494
43200
23818
25822
83185
93234
34697
16070
58210
38446
37652
18793
29498
95013
23423
47093
86516
84970
67548
88995
39676
42940
84648
59917
11696
22579
73679
35275
8786
64261
7320
80359
88474
73218
19281
66513
56322
96478
82370
76597
88189
37705
93945
40707
79718
32233
25607
8793
92411
69284
96684
42471
18822
17837
27309
70977
36457
12700
61804
50622
56133
52464
94747
13877
68551
97595
83344
25622
7653
97464
42457
58924
58694
99936
16272
31282
43700
83053
5930
5759
1739
35560
69069
11749
33039
33881
24143
38224
9365
11188
13314
74770
61858
88730
64505
42148
61259
50631
56745
22576
11937
76454
91527
36622
67339
63056
22506
49642
12881
9609
40334
59563
67959
9591
25687
6703
80707
27872
85305
34695
18106
12763
8431
73619
66280
68082
3541
41574
31719
25639
8366
70369
83225
79732
37170
42498
92433
29600
4099
76106
15820
86203
8248
66802
90785
27433
45149
87113
52527
17613
18598
62534
66244
63827
89485
1550
39903
13024
66931
94648
35997
41510
74678
53750
32911
53872
58286
81880
5293
83813
74202
73119
43668
82960
13483
96221
43453
54664
4105
40213
60944
80420
33432
15272
9405
89227
65047
57070
85093
51879
53011
30473
35354
90403
81935
27207
97139
64774
86494
52378
51801
73502
6953
186
43024
28913
3470
30263
1192
9596
1393
23232
62209
85481
71034
71915
22700
88183
34486
61955
27737
25685
32161
65784
60971
51954
46045
45736
46599
58389
97998
2717
69023
93710
73391
97857
3084
26983
30114
13684
32785
90864
33273
84215
90063
51306
36452
67721
72962
88542
93790
97952
80408
92127
61068
63388
74283
69894
9992
74618
3667
98650
61637
15092
91190
27078
3551
54018
80345
98309
28611
51127
56095
51257
8861
49949
59967
22194
24781
10866
57726
92620
84324
63394
96578
70523
20661
32380
20473
89
69852
47947
40442
73815
1084
47753
232
38403
95485
92339
94838
73024
90637
8400
29874
61227
53595
65222
99117
77677
88892
58818
91726
5127
74293
9747
55826
93690
91571
49741
47765
94334
24096
20464
11262
86955
6540
72028
36501
82953
40263
39177
99843
28197
89439
35273
64124
88216
40754
23529
76522
28641
81061
17508
5633
39727
67031
6580
9130
17391
96569
41237
8778
2316
68966
36721
61909
12111
95717
17737
26237
751
60152
13961
64243
65356
96760
43878
76861
66986
72262
79574
65805
90957
85981
36298
7312
38863
42732
94893
51981
420
93063
82210
57354
47161
92399
86244
92461
80748
492
47544
27890
62263
33969
8380
27637
14244
54792
25450
31355
92139
86604
87426
47295
64650
93477
77166
97734
17203
58833
35981
40594
99608
13330
61670
24962
51869
90436
35781
91511
53337
70302
60706
53462
82548
34666
44372
18093
23609
75150
26975
1160
40229
65579
99388
55325
8458
63895
51985
26643
61544
65405
51044
61217
15450
68164
8562
70482
56167
8615
95048
83685
70029
51811
38537
21056
99328
74644
92568
79685
95657
14816
7161
79295
9812
14259
16159
45858
79483
99833
66319
65165
16609
898
86277
27674
55742
84195
95560
11354
1747
87205
90574
13401
76667
62049
61635
36124
34684
54087
7724
32863
89723
53032
45484
13946
28584
92820
57951
21909
30408
18458
74114
3986
57857
75714
91718
87820
24797
1606
81980
97928
25925
10119
8089
37357
77211
79541
66151
99664
70091
9690
56001
69911
3350
40847
37208
27500
23071
89358
52297
77366
29236
98567
91985
43614
23026
64610
42953
64928
56939
61412
22291
73804
54841
15018
29250
37589
24028
44443
51691
60854
60527
34951
74647
39863
81637
17976
54225
16822
52639
4454
65622
52022
65138
23661
40947
91446
42362
2229
11592
89937
25022
77474
53255
29237
70664
33829
39276
66853
51633
51162
43646
55409
26820
73368
1165
86419
40437
59598
85930
45355
86312
74262
38668
71226
53936
83142
68416
17903
35767
68746
72879
82090
71102
91632
9366
67007
92902
44334
16971
10042
93329
70515
83395
43012
95645
85725
80300
15220
21023
89392
91489
7344
92287
89041
85915
49566
39615
91239
58812
35384
79801
90778
77693
20414
44115
84796
93724
9273
90078
63821
26647
23251
64094
7101
8584
51946
37432
6562
65826
6226
53090
50503
37897
93732
1371
48030
40496
64564
5625
36811
69629
18319
41355
8821
57842
85369
21094
66115
58224
40852
61928
70480
85282
57706
37100
90253
70474
92212
27461
17164
36091
30629
87824
64365
59676
51247
65146
54614
63574
30135
54718
70739
79419
19776
39002
70764
88186
61720
10440
3814
6053
42166
46639
22307
36796
4040
95376
8065
8903
26120
29304
7496
77773
18499
70539
40984
95850
54233
23090
54484
45596
10312
10274
48068
63275
73961
54637
68341
30151
49161
88232
33697
38254
70519
16336
31162
54382
61209
21859
56154
3003
24711
97603
8025
2742
66574
68651
92413
46797
78177
43721
85373
38958
32808
17715
61716
52806
16829
24027
66436
31262
14988
38243
731
72982
13824
76480
4499
91997
58452
63507
65879
24423
50735
13479
28088
75600
72554
67613
82753
92739
46667
91272
19337
64492
81492
62090
50663
83088
34873
16418
93406
18515
42822
75374
57128
81304
50576
25032
40853
99115
58146
34419
66651
91623
41977
60085
18444
96147
79535
37267
60010
62952
41508
41158
14352
4778
73609
81224
88910
95205
34531
79615
51375
15234
36629
94188
54524
34936
21445
39741
2820
95827
36633
83107
7987
2381
93141
10480
39377
64660
55231
4394
24979
86185
4811
46465
13312
91096
87840
59603
94173
6291
65191
29147
44810
34754
29883
15799
42433
7256
15086
88674
4687
93061
84055
96802
24526
7492
51218
34306
39234
32418
66796
97152
39690
52398
84827
71907
89902
46692
69728
41031
84268
27475
7290
13705
6251
55258
20243
52078
28096
97221
62055
67297
25220
30123
38063
58017
7016
68061
24393
13739
89196
82610
49901
52176
28361
33417
73219
94530
7846
28514
19794
41906
87741
56083
72602
75798
98141
10973
56057
14579
90081
74010
98584
22646
88219
7850
97708
66610
93714
89453
68186
6474
89696
71530
41240
79899
47598
83595
68825
69978
31031
74809
31687
35220
43552
49466
14809
94312
6266
13399
31542
74079
49453
45810
44180
68568
10706
90155
12036
21407
70671
1146
14083
87555
92080
20321
13087
51666
4455
82418
41319
13531
41121
94758
12381
60664
74775
86528
77672
97241
98329
94925
19797
26986
50199
95113
42233
34137
46334
10214
58583
92988
4223
52351
3617
62837
49861
13927
8548
5824
70426
87023
37842
70629
8820
82234
19956
60236
7331
42401
51552
38183
67372
12816
30648
46054
98936
67906
72514
61845
38795
53808
50684
80709
35060
35877
27366
30051
68322
81614
71745
47018
81429
35118
74259
25281
53005
68620
96168
38302
62258
53128
56803
62112
13366
16699
21073
75677
62428
84437
11512
67299
78007
13889
94883
46719
96552
31755
28435
35307
43255
84560
92985
56197
16901
97499
83692
93627
68839
88687
44643
10705
95389
42589
24384
77379
12505
97364
17240
63178
79475
62325
11362
67334
85810
15185
18349
47419
17939
26841
68881
93763
73430
38435
75151
45473
58285
99168
446
83740
49598
78029
41501
41556
29577
19936
15863
78560
32196
71787
24073
19374
93128
62491
3120
21873
88057
42533
25835
86773
76989
12679
99631
57151
5655
18455
99652
91657
5060
92069
99635
1134
60694
29205
10923
34477
73636
60594
54217
98997
35753
99536
90937
23343
39591
12393
25551
36228
16622
94886
88700
14419
68987
29033
27920
14261
26704
44023
51136
79930
65014
79191
15544
30342
51215
48072
43014
58277
24170
51000
57634
47627
44450
46111
19110
48348
70709
68058
8324
39897
33281
79978
31891
7106
69810
28082
46332
91198
44225
84951
82608
98000
78290
43236
81071
20211
494
56480
71480
24794
95872
10722
80293
58317
8483
54708
65389
46981
10818
84885
83516
78358
18247
88945
36592
789
14931
47360
54958
15834
93979
92397
45938
42936
1885
45445
37466
72508
70218
69854
21534
28719
45928
72267
80822
70905
16486
3637
50548
12518
69149
84149
92566
71707
23325
79744
991
2329
28808
88577
56678
46534
26178
38135
22555
59354
63260
61721
66616
98745
2311
94459
91394
64426
12874
73240
123
42783
57919
36126
42558
15071
54038
50320
11360
98756
4290
35193
63986
39610
1755
74156
7941
9874
7648
57477
88564
395
35499
51184
61805
8148
31356
61977
36180
47689
17450
56552
47654
1262
62481
12004
33505
8909
37093
70097
54578
37885
23194
48627
65117
16387
19682
23746
59446
5611
35988
16427
38110
64255
3669
45411
89276
91561
69913
86941
38024
16785
49696
41007
99667
66317
89185
46121
73342
83071
26865
13150
13163
38989
7125
47980
84564
70793
15935
97427
82308
44587
37186
52630
74527
25886
31564
59992
31004
83132
22084
35088
70862
11407
4525
71848
64077
46109
59715
13279
94865
519
56309
50430
86001
77431
58348
55837
25776
91913
81460
79741
29584
13982
99796
73738
61830
5502
98260
89961
76705
20943
51657
18790
1667
79829
1350
14163
1246
6665
46403
76180
28354
19665
12769
63696
62357
13019
86035
53527
64083
41072
33835
94257
7719
72010
38979
34774
48301
61509
65566
3547
76573
49061
13405
78103
60877
53309
36372
38114
91293
51794
94885
74233
62619
43840
30335
8330
84348
33783
57539
99487
27307
99096
46376
26370
4047
66852
17151
6234
70006
50571
90242
75317
15053
39498
26788
96591
319
23365
77450
71655
49108
95256
74181
27531
43771
37930
99532
21545
40228
313
89059
24010
37016
23309
17870
68549
21686
65499
88430
60091
23183
35389
98480
16361
12402
71773
96076
24139
78552
69727
42289
24489
77055
32533
87499
89587
7510
4977
37998
63949
40034
15164
71386
52287
41337
31244
34763
42309
50056
37617
83277
62892
84654
55150
38943
22079
65571
44029
46745
43527
36365
48257
77781
9712
85632
35891
33136
5529
9594
29105
92208
71764
54238
46427
40528
76495
50679
261
18317
92716
56888
21564
67762
63174
78422
21082
3367
44241
11943
10470
52223
64
98017
74301
77178
45790
67238
98296
14654
84345
60266
3301
59763
44716
83781
4405
33787
29035
35621
84327
76090
36554
37088
56727
34646
62138
636
62594
14603
81391
19226
98110
24617
96105
52817
89709
84080
1279
43011
62061
54220
4079
26769
25636
93806
73129
7699
93008
47244
63915
14050
68176
61552
92485
78985
71194
28110
84805
94504
22913
18924
95006
34915
79852
88097
35318
97758
21690
43169
5327
87305
75200
67214
10071
36449
71155
27347
55577
83285
29462
57472
63725
85035
86436
9513
83298
4838
86713
89416
45030
82373
80017
16716
66874
43184
52462
70118
82374
52336
51538
76784
16832
64108
75808
68547
31974
83950
19589
76092
69805
52331
54003
34297
76269
6438
12348
78633
66877
10714
46950
48797
69770
26578
27167
79333
13741
95021
47152
89489
52178
49190
43876
17219
35670
42495
74905
59019
17241
13504
93478
77163
81427
93554
69335
10445
59479
17744
74028
99147
59060
7017
76762
36041
50429
79576
18693
31549
47050
90829
45068
35623
95665
87575
45278
53442
27951
7281
9695
27782
41654
13914
71098
44229
84235
89306
5673
62359
58713
70223
28635
52961
59970
56616
1073
21772
61968
28592
85811
82366
1187
65043
61583
84818
10198
26624
64039
25137
18890
38058
89894
81281
204
98796
99433
11967
29013
65835
73102
23614
70437
41693
89157
2769
94675
7401
34880
82752
24017
64891
34103
50998
77424
40813
84523
87994
88011
10196
65290
60185
38318
73722
41779
78803
7732
53068
20775
79294
43767
97232
26028
43799
65172
4030
55786
30631
58891
2579
33609
62103
82111
4449
17239
62389
58618
93246
24608
17064
56191
80975
89091
98572
82994
90504
94759
85047
62473
34858
27323
13241
19655
93305
66048
15332
43371
81390
95701
32409
30074
44745
28874
5078
39196
1321
85858
57515
85521
92307
91244
90715
14430
15859
32653
73141
26038
5603
15890
43582
88443
26130
74699
55035
77132
73603
36679
45373
68703
64818
86555
22151
86307
73066
23701
90691
40268
37190
98094
32850
67749
27147
48840
91907
88372
17364
335
13394
99384
609
51875
84326
58693
88111
87225
84835
804
77930
10017
79185
68209
71983
85357
33891
61505
88900
94278
64721
99836
85789
17494
73958
98412
32237
59089
87739
25317
43340
54292
28362
13377
98375
41737
10251
75482
3461
77921
46741
50863
13284
56548
19147
94377
9188
87714
84789
28651
25018
99554
6650
67800
92121
92495
93749
71789
84263
22816
32393
82807
23350
39118
69866
28087
53072
93968
23510
78129
59464
23253
57692
64113
12678
85536
10044
68592
43589
30514
23298
33423
60084
73515
61149
74095
53505
86299
91619
53838
401
50812
329
18367
40706
45511
78399
93519
2783
45496
51734
14948
36011
79564
71140
38153
32423
73664
34771
62752
42363
31246
11573
68587
94780
71802
49512
19395
17439
46811
94553
33057
27962
83532
37459
98907
89855
70808
87181
9296
92130
46169
37384
98532
1514
28636
11962
83247
78327
79351
48051
45222
57227
56530
32301
74146
45927
2985
579
66138
4546
57023
99219
76403
28705
55936
89469
49357
90032
27034
12946
18347
81756
58159
78719
82346
86230
13621
71153
10040
54921
41532
20497
65333
40146
87961
26605
98198
15513
26874
5904
3233
95246
88064
28668
20841
2113
29578
63004
41827
67301
3309
21411
82195
2635
64627
21098
69014
37888
57441
93010
60087
12025
52881
29179
8008
85904
70843
50225
3983
77104
85026
75977
3741
62787
28238
86199
45743
57664
86722
98857
13998
12950
95018
90609
26982
70623
30193
62480
12717
91753
11200
82116
96405
46812
67651
2216
84504
47979
47205
78643
74611
83981
96572
12100
64028
20760
63570
78112
53524
36022
69202
54917
78763
59022
55962
2357
70242
39623
57035
40992
99577
53575
94098
39194
71451
67026
3788
14712
66594
53028
46249
38505
20536
46210
57350
20982
8297
88378
79181
16386
59953
13290
34794
33667
31146
9552
49683
37948
58964
49137
75232
21244
12538
93788
52707
40530
35254
441
23604
10140
62083
17086
62792
72183
3945
49315
63687
83155
79582
48115
66725
42596
60814
8096
4058
32374
61272
70831
15993
13062
19146
1558
26293
76015
40585
24416
73601
9485
52542
28583
56606
5338
5735
8792
8844
66702
5253
19687
88328
58101
91227
46189
86195
93748
40995
75582
77092
55727
46925
43472
68308
24913
12362
79632
38201
89703
96413
27958
20295
84646
61440
3953
71493
77373
13485
43315
17475
48021
56159
63001
82871
14916
83245
83242
91814
76469
20090
30270
23282
43079
9362
34159
72409
96229
53729
67766
19786
75304
8570
80363
91625
65132
57026
27658
88486
3370
88706
53594
75361
8353
49236
52427
95062
75341
72985
42956
93811
18844
46041
67164
773
58722
27192
43419
24125
43235
63039
98238
91648
39005
34261
29940
18429
51349
38082
45807
28847
62000
94742
6874
28796
22981
24310
74231
30839
56884
61495
47246
1472
39266
29893
36815
75041
25472
75583
68337
26835
39906
47195
22227
12852
4107
15045
50655
74216
47039
66423
35301
55348
36453
80588
22287
29671
45792
36649
2188
59952
48976
66509
91750
79021
71242
49016
72122
68462
29524
77991
75921
77307
33903
37623
67834
80985
1156
99618
63208
7843
5591
74375
50264
32055
34028
60015
65229
12418
99822
52982
79767
54322
82801
22271
28038
25516
65076
64787
25490
11386
91081
99799
16602
969
94294
16566
32074
66841
30315
7149
85577
63081
96658
61205
62624
48886
90532
72333
12213
28633
43731
90177
16778
37060
11810
34345
99720
52945
18544
74603
25768
88853
30216
63237
60002
69710
66130
82642
90165
23891
35162
99282
80510
9121
4487
88883
82955
29154
93125
68950
69473
3427
70036
70197
13000
22267
5588
21981
48228
60125
63265
77489
42220
45468
75705
19871
44393
13771
64018
92937
37894
22770
8442
20505
17661
2881
64370
45221
75675
77242
87361
79204
80064
48933
2142
87782
77704
89378
21145
87854
53562
73410
48942
70946
36604
60774
72596
11163
59228
42121
18847
18037
54252
2600
80739
8802
115
25585
35151
3243
86412
37362
96081
11290
29988
26125
37545
6948
23312
63455
67415
19448
27396
95268
49479
95314
48550
81268
27275
25871
71519
31419
1968
87029
10418
13919
80713
28161
39291
19472
90867
3174
49871
95063
69726
79813
30699
13928
72500
52307
39168
46992
55825
20524
43032
30620
46442
44052
33740
79803
85956
33944
61756
35286
81546
80871
88926
5695
7810
99654
22906
61038
10911
10474
3784
33231
7762
33868
31410
14328
6525
33854
86519
50181
15778
66622
38477
44811
68838
77454
83718
20941
8085
28845
52957
59071
14946
79482
17057
80994
92718
5879
63355
77996
4936
68366
64726
34355
87684
61303
67974
35361
28427
5356
7603
15765
71448
94276
26683
99607
19833
59660
14105
34782
86841
79335
15712
82405
15629
26976
90197
69984
15896
4305
30364
45772
70618
3520
28976
64734
83228
2545
17296
60066
43539
60901
31131
67124
11969
85669
3066
55910
19513
3277
55404
25515
46937
91234
68063
10652
23983
88940
7764
44941
93339
24306
82115
8934
74456
33241
5492
23767
59945
20128
24360
53002
56104
59329
53443
66183
55829
64642
5061
93243
63339
3433
31899
46988
82841
94737
55894
27704
90550
8267
92538
28131
27721
30202
41268
28768
54021
97618
9878
24788
99860
84940
41634
38877
47359
30977
22727
74863
13866
50028
23874
46757
49385
47760
12495
46381
23615
67168
89733
53946
39401
13066
78456
9611
99011
82048
22880
96753
59463
51626
38073
70819
36276
89045
75136
16121
85307
35987
48133
10468
38268
19996
1080
29538
97178
85849
36053
71376
19426
31693
19461
75922
27734
49041
70651
50041
87165
44754
97115
49914
40900
79387
93549
26059
11304
64827
64969
75576
69480
48701
87128
4628
29533
77865
35931
98576
56054
86135
30816
25709
10366
45534
98030
13181
36735
84151
94336
13049
40030
3888
71723
32134
1163
73940
24949
15076
97829
67185
65909
52102
82527
86888
59634
64385
46509
26265
12830
64550
66141
78418
77871
45281
15221
62406
7562
62544
77369
18705
3920
5677
78939
32645
34498
11413
51543
89459
37546
92673
79245
41593
48568
41820
23896
81729
58302
18234
38816
14850
25900
74497
33778
78229
3831
93342
92978
49216
27849
19728
91585
63005
23202
24575
61866
85568
63062
67626
31038
86444
49481
75800
79352
19215
46233
9760
66304
17809
37455
75543
30775
40960
88695
95215
14766
55471
8940
80535
95756
68504
74935
21497
57847
56155
66461
9523
9864
12165
94153
6714
30499
41019
12445
88684
55017
10364
11322
78727
64199
11393
61372
82704
78349
90747
40458
77038
90597
44380
37243
68295
21474
39614
33254
37534
79062
73196
19204
36244
97560
83909
36303
48297
27995
86426
14566
47326
63488
61024
29384
71888
82158
86469
29401
94119
31393
56846
4283
5411
10943
44966
80407
77797
15117
65488
95496
922
28853
86333
84894
82502
58440
21521
48922
49177
39384
2695
23313
2645
30370
21645
91073
12914
20644
59558
41708
83405
23380
72866
31396
78662
20125
31782
82754
35205
45998
51516
10833
91161
8462
60653
14396
48236
43725
37209
50612
11427
82497
47106
33918
47086
18884
10230
55415
61435
60204
99256
67828
25466
44715
93796
29810
92289
43632
80731
92067
99492
41944
87852
65751
4832
41359
63836
58029
13538
37223
21121
3829
36113
45604
69846
89338
99624
16973
10298
84466
53077
15763
8857
38879
17919
99623
73563
27747
239
75171
33840
33563
26156
90549
91294
79450
56926
90262
65369
76594
25997
99016
20266
46168
42553
32037
80465
1614
51402
19406
96562
42292
36238
42501
49069
8138
46882
67685
35337
35883
48350
76559
41468
99743
71492
76117
46773
27640
87637
61808
39053
57106
40676
89638
93356
34253
46761
78673
6111
89513
10837
98551
99734
43743
97681
68594
69740
19436
21156
954
31890
26903
37919
81109
79067
73216
18288
87752
253
36466
66693
55621
37940
45112
3168
22263
13574
85176
92666
99401
57581
37495
77111
4008
55441
12183
7549
53026
93719
89834
53229
93935
60533
33276
69252
47614
72725
7802
38404
84127
69499
40016
65761
25806
15190
900
60033
89361
99746
4277
22402
94351
79337
55398
77979
73591
33965
79498
41059
78648
82131
64048
80227
51578
2009
25238
16907
29620
96099
2665
52330
77768
95727
60389
76098
65899
47968
52169
51514
33543
77227
55571
37468
8882
39583
79675
86530
32093
20488
51074
63302
94617
27150
52696
86932
50822
45582
81311
83771
35863
8310
9399
73802
65230
41731
92169
74229
14831
13537
89032
48469
39786
82156
48704
41454
85173
36482
74883
90151
53950
99014
81031
66828
9818
94248
52299
59695
73596
50963
73883
72418
93502
69091
75411
79262
90395
12259
14402
93204
47731
29137
3439
95808
42845
15189
37645
59611
54816
51214
76435
39304
22782
91249
96135
39784
85945
89658
72482
64788
34138
42004
96193
71879
15184
82344
7389
86887
68728
59267
36122
60373
17000
62078
60399
1302
29740
1820
93572
62979
44900
65838
40019
72532
12305
57698
82705
45375
38501
13142
27842
87712
91633
87276
80198
20525
89604
55184
99229
83617
98902
80106
63413
86546
65492
14950
61066
9091
55318
10306
40062
59830
1092
64894
63629
57973
42898
67169
44449
90513
8815
87507
79593
58216
77298
37766
98068
97081
94423
61989
15636
16423
95656
29764
39300
31695
97262
30145
10793
13159
68419
74972
68151
28577
11041
29172
28474
61736
37932
53270
55191
3467
26932
57569
37330
34475
53291
9607
70479
29483
97128
75642
76138
44301
68684
3943
19863
48885
74118
97536
98316
58477
50219
27211
66659
36762
30287
33884
72941
79041
43961
48610
99878
48724
36685
25476
19673
39229
66112
34381
29684
90684
20225
19983
42584
73474
97522
83735
71498
16556
71793
6105
14527
46624
98273
5929
9227
79773
76385
64054
78401
21086
52277
34807
22720
28368
39675
49704
83895
35128
1465
739
22828
15427
81774
51923
63257
54677
20892
19216
26816
2932
79448
98471
44061
15861
25327
69018
78054
33186
42403
31663
13185
41229
76333
5454
3721
45242
12480
42728
71383
62438
67885
71845
80180
73202
88355
81484
49232
62373
55247
81253
91925
25982
79158
51899
83073
14927
46693
4306
45226
78194
6846
85855
6017
83244
91934
57595
22215
26273
30791
85959
66535
78276
37854
19814
72278
30650
88471
95072
80445
72936
5081
77647
45155
70298
52285
9403
66524
52402
99660
74141
53227
55100
24984
49874
40177
43659
48531
10067
26901
98351
40352
31971
69275
40446
11249
67938
37090
91800
48565
75384
98214
14954
15089
64910
52994
36600
30584
29866
43167
63774
56684
42443
17823
15769
49088
43574
52739
50857
78782
87729
34641
20393
99578
30741
27845
34709
29961
90792
43538
86168
74708
69708
56771
17991
69593
20275
59084
99073
20223
93982
1378
56006
11497
95721
75472
87382
77559
1008
75087
9058
55216
22932
69609
42275
82029
74808
58998
8556
46674
34374
74834
30007
32198
84178
2912
62377
73033
98563
3327
31459
57522
38141
6747
4594
81102
92624
10876
49638
26852
43093
72656
48231
48295
69519
20490
20262
35469
10173
9236
75338
90310
45363
64400
56038
9638
85966
84606
78243
36518
18881
93678
31647
91757
44331
1403
73479
9408
98947
66996
4954
58981
33159
92677
78934
9329
11204
27803
35858
2951
7835
95464
47814
84638
93144
92206
85200
11689
11456
40330
40288
22056
23063
73055
76960
16564
8865
90042
65119
24791
75326
13039
88711
359
84302
19686
42051
76756
84381
97986
21191
86025
33957
98298
98195
17200
99334
80478
11298
19946
24493
29058
84749
41651
86356
911
94277
40611
30360
59605
50108
5113
78532
5935
35961
84006
45260
17209
60585
70747
8092
24208
9055
67159
89229
79578
94898
89444
11382
32219
66606
61356
83999
37678
82031
83281
31967
65280
1774
90752
19292
79366
98690
78014
23825
30549
22131
33718
84584
45585
4836
93475
99253
62832
41958
98795
78591
80728
7567
26159
91068
36644
94698
8312
46798
31331
21260
19416
54489
77408
27100
57671
74172
21785
34369
71221
2414
15676
35783
41850
95785
28023
51559
43693
5653
33143
67362
32097
8602
8900
47581
35080
63288
65837
24938
33380
52675
10719
9416
80399
53752
25730
75744
75011
47589
19305
5281
16385
40606
21314
6009
77687
72559
41934
58868
34300
26714
37499
55284
3292
46688
5506
78780
1914
72809
17108
63730
3766
79133
47672
71622
98053
34052
25105
8471
19624
82377
89613
60989
95570
3871
5705
17514
50466
90838
84464
47160
65028
82992
33407
73469
28508
38473
99512
68161
55682
63211
83932
44396
85982
97191
25302
31241
21878
20311
96378
31277
8621
29941
68759
47192
34122
45215
13753
11735
17395
799
44329
84883
76533
69128
6333
22101
12474
24056
7112
57405
15713
11633
78351
57674
9749
84603
2898
5945
63013
36384
818
72876
82321
87779
92529
13691
31722
44266
44881
24814
24136
66366
79867
58486
60726
42092
5304
60511
32295
62644
25190
48246
60626
64053
65616
31658
12865
66169
1819
56913
22406
72834
43237
22067
44353
33966
95692
66819
28802
7937
72072
54406
14751
14688
57367
43085
44270
47804
83728
60357
16065
65760
92459
68317
795
14642
71549
68319
66640
58359
31879
54748
51128
12725
84238
43106
4172
78103
