5000
60434
66670
54183
35618
4406
24508
48559
33169
35403
80773
84950
33487
92335
7797
24135
24085
90956
78099
74919
67647
12548
57236
24494
35240
70031
66630
38573
30912
91141
54405
37047
38882
79460
75348
80924
62669
35462
30439
54673
14882
9535
53553
31655
37637
91800
94246
90624
18058
87175
61038
94311
55559
22550
63798
16319
92352
39293
13260
15742
61199
95348
74848
23987
82155
96520
49144
5202
33586
50243
32193
76207
1041
55775
63963
10073
47911
64409
33885
66816
17251
64614
60819
39574
78604
45845
52494
8145
24189
1465
76836
77136
45779
72846
22394
78077
84312
71453
46980
10089
72681
43317
15251
24741
16316
64744
62733
15772
52145
6664
52869
18381
28940
99899
97380
88567
60638
25368
94621
52404
40477
26871
84928
19626
73547
36644
23408
78397
23352
35949
29756
62755
64259
25132
81798
80979
37357
26718
99235
1427
44467
40864
41163
47350
12084
66391
77755
33729
25701
60445
85940
75827
44858
33147
75764
98040
27851
29446
69350
4992
58437
76407
29584
75593
8763
3421
52629
1410
41755
25605
67934
96626
95546
93294
12560
59025
19950
88198
97356
25004
98578
68770
5292
52125
19671
17454
37861
35914
11871
79269
86144
90186
4143
14340
61438
28426
51848
61888
56716
88814
52230
16545
12290
37276
53944
57991
23237
70972
79339
92944
20440
23945
15120
53431
21468
64056
74951
24195
62617
53202
21154
25773
61750
34957
71953
38881
12485
22437
98360
4278
71639
4456
59954
74205
30344
45182
52562
976
10057
51714
97133
48635
45346
26043
30632
30760
68844
77272
82984
78863
57934
78231
16674
71131
94245
59077
95707
81141
26507
74686
47963
97354
99975
24136
43896
76271
53640
62353
53855
19288
72286
98933
31811
87999
57322
35835
96707
85877
34139
83744
94452
94894
23620
649
55727
45772
44697
71961
70529
38166
64976
36676
43843
58154
19375
31690
84913
93178
69633
40692
85011
97618
51558
18417
28554
66699
47136
46160
35870
36447
87816
14521
58062
17071
38157
53392
92199
35530
74658
95366
43788
31478
58942
96712
34029
22952
41780
85126
13033
6835
30657
2987
54439
9069
41130
94053
75099
81875
60096
86610
65307
50821
52555
16502
90663
32255
64443
72233
13049
67634
61863
20286
33421
580
85856
11355
17928
13805
41526
95137
14114
7168
86497
39588
43915
15773
29651
10789
29104
15117
10270
54161
48465
6469
81179
2165
48164
42970
71972
76367
14827
12474
89867
33597
17716
17641
54347
93252
67936
80339
62159
40523
85270
79287
53230
48302
37868
88655
25120
75041
75507
36111
37209
54137
52852
25066
6034
31207
1890
66957
69699
31022
13739
85254
76708
23379
82917
93006
86189
74275
77121
62766
66460
68864
11357
78045
3133
62813
38728
64959
2292
8465
1484
14033
49634
59368
77601
57186
37250
4014
62658
35595
99992
15450
18760
37577
67898
23312
68919
47398
26965
26920
74362
70435
42991
69290
22225
57648
9950
82429
61420
19184
99081
48400
25747
38401
16359
68056
89721
21484
25182
48108
42542
85272
50138
15774
56072
63311
4546
54821
41372
6881
88855
85899
20133
99227
94185
98661
4147
95156
28133
94872
59320
7950
69263
92659
33360
32054
66058
39772
20861
91253
46845
3500
12782
14651
53421
33051
63718
68584
94520
84857
97327
41193
36245
79521
84668
85562
73663
76252
17129
23941
8910
47687
82402
62391
70184
66537
3373
81788
88671
40863
88175
94484
3878
28097
14373
64018
78385
37007
15847
1630
38794
67051
30746
80103
29955
65075
17431
92709
54854
34706
48238
78211
28276
69806
10407
77267
28524
85314
81981
71525
98570
39009
72368
19349
82093
36658
42698
32171
20291
79056
45881
84403
38296
41522
87165
68080
20199
55132
8242
78377
98356
35761
56445
89474
80343
78898
98171
35993
42628
99237
61689
32032
92204
47251
94763
30707
17483
26159
50457
85646
9103
62946
465
41135
71216
91678
96384
41286
37833
968
63137
64512
67115
32693
36795
47337
85229
52660
76056
25571
9520
68576
23423
12412
4350
88979
74814
95920
36072
80349
35874
7915
29694
78833
72987
71518
14935
65145
67774
75371
67769
59543
17307
30409
51234
93969
599
98306
19885
62399
77316
56439
28243
40827
83595
19205
53441
6886
77502
33527
89125
8388
23129
58458
63565
85985
49101
58006
67823
21589
75938
8560
12280
84242
25960
15913
81269
75471
12171
81337
30542
6723
52945
92747
83781
32910
56857
72069
63937
53095
2647
96121
45247
89883
61547
96985
99076
11571
63482
58327
84835
75440
4218
68358
90464
91966
69233
31044
46445
55643
73049
54428
89349
42415
13248
12103
52701
79558
89698
84609
5137
56365
48892
89617
69048
94216
77868
73579
57903
35979
17913
66070
68660
87606
35142
9182
58358
1511
3676
36631
33086
63440
33322
19562
42545
58302
62753
24310
4111
21057
31482
95301
73143
33067
72573
61367
61394
94032
40118
22174
70228
5676
67997
13860
1417
99625
51441
81148
78137
73177
23791
86897
62411
11922
56317
92306
88605
32847
93255
85982
16151
50524
18376
28442
38943
63097
29897
7297
48301
32789
54240
11951
90579
30733
93095
20831
68746
18830
64360
26469
86347
71802
37058
9396
23104
74579
49462
37199
32293
73366
26679
94107
67759
96371
51151
79114
98540
79754
82218
22819
38443
49403
65579
64488
32044
18632
84443
10639
24079
21105
87461
80964
7122
97552
59675
21951
7535
91224
34141
89445
78570
42930
60964
63927
33897
82647
70416
76111
30366
7869
16598
80566
42608
70301
77825
32987
28594
22525
13958
26270
55736
9657
76699
36859
66295
13735
9294
64997
42342
72731
78702
58163
765
82380
75781
96832
16001
28530
3528
15340
26050
48638
54990
52149
80527
80783
27648
2035
35012
31677
16459
63196
18050
89435
67731
38388
78571
51609
83167
89346
60287
25603
94761
11692
26600
8739
76045
90222
5781
55262
32096
20391
56094
3365
75256
22074
48573
76476
11902
31816
18229
6877
92073
23559
11620
97594
21115
58724
29671
61859
92840
24583
97404
32221
96019
43807
21335
73147
31997
78864
43104
19606
80954
65105
43694
92784
35600
26347
32389
29538
74132
17398
1936
56296
74444
86431
42290
28120
47925
19360
63296
59006
92497
13919
50215
51652
86042
74342
38047
24840
44852
98864
49518
26587
2823
25402
10726
71163
86646
61681
88812
92641
63925
69847
82374
66777
37152
45948
33382
30421
30866
40757
24898
18732
25411
78745
91520
22774
30840
84992
52719
58802
21811
19410
80845
63935
86449
45017
65225
41012
77074
4555
70421
48893
50968
56070
89823
24813
77417
60784
29586
35747
17861
45330
85799
54220
92267
48300
23148
34854
5347
55388
26427
34190
86447
67273
6075
73285
37879
98841
13570
56319
45708
44838
36152
64875
72918
42034
73206
64595
96467
49218
531
88674
90487
27795
20409
43126
83249
49355
19768
60160
34744
95014
45362
89519
47324
36241
21952
95784
39790
7827
7155
753
66589
20532
12644
45168
54309
15467
52794
32800
59361
45805
20887
16677
25484
71048
47599
25436
22233
80701
82893
79249
77016
82253
98599
15778
2918
65490
36585
80715
31223
27848
21512
7668
67276
48717
31785
92454
335
13204
16699
5518
20265
2186
14787
25695
1904
23674
28425
44962
23033
81719
51334
22557
57601
4320
71115
27458
29131
39536
72876
67827
17757
61947
39811
46837
70908
98604
47730
73678
37818
13159
96235
2545
94658
11684
94384
33158
20522
63388
10361
13558
72225
75540
26145
3944
29227
75032
83923
63319
55803
24029
23773
5938
89344
7865
97776
43770
23725
35296
5739
46436
88918
93240
81946
43153
31494
92520
12326
31467
23983
34891
56389
53317
78841
83268
6386
56095
84198
68287
93686
51448
7840
13348
52156
98217
26449
4947
66261
3724
81485
65244
38098
91568
14196
36375
70183
65409
11132
4979
75668
88427
44998
14165
90928
19498
4234
82199
20195
42699
15965
72975
51951
88087
79486
92918
91594
27578
91368
65407
81871
3567
5832
26268
1359
43553
13692
48098
59079
24575
63688
23404
11060
463
9256
32089
11555
69730
97626
17327
62804
53048
77786
76440
8119
1892
36742
43950
24036
28603
77056
79799
13299
51154
24560
93804
48112
44868
2479
67426
41433
71168
24546
414
27373
9604
75941
64046
16714
36363
44680
18533
63557
76902
34159
38241
97359
3851
18631
66184
51575
86287
69182
20083
4786
601
83834
61094
33850
37175
90498
15093
24123
40035
22929
44537
88533
31557
93900
9078
8431
56081
28942
72371
70131
37800
83360
90469
89218
69288
29435
79983
55192
66663
15142
6156
41260
29036
4302
5231
64650
26219
90377
42227
15203
16507
27154
59452
4787
11267
40552
77235
64330
39577
13214
69148
87504
39803
12646
69629
52407
23450
77533
281
82803
16563
38546
7503
70253
31716
65360
49300
83482
69671
10556
4019
85457
38195
16641
63243
23794
80063
42920
95200
77815
13577
28172
28427
38830
85262
65859
944
64827
57786
7476
52565
17670
6913
56036
19136
36210
64467
65329
19416
99148
37284
18602
83555
39506
23040
33185
44698
40220
460
63408
16888
37677
47138
19836
32369
80892
12679
62919
44382
32011
44589
4952
51662
57109
61240
4466
32549
91685
82299
33450
22541
71101
62345
97778
14372
69303
78882
63013
17762
21266
54993
51073
3049
66704
2483
26548
79123
75546
25197
1109
83159
52975
81395
24082
70726
59786
30258
20026
36099
95540
44386
97029
75241
65230
76279
24876
75336
17387
47108
56515
62864
43455
80702
77087
90121
65462
48859
34264
94650
60772
56082
28889
17189
70968
25331
56215
23140
90648
99640
65883
42359
47674
41082
41662
85977
97836
69448
55308
75472
74314
14704
9454
45015
39128
71520
41737
9835
84763
90503
42803
3829
13587
15768
11907
86031
92633
14865
37169
41113
94000
88627
44152
16259
89285
60432
53749
64555
48493
61963
38631
9882
94
97945
64951
32018
70514
33780
42180
5199
71440
53495
90964
17658
10843
89068
48160
62990
80533
55985
5443
78824
48452
49730
86385
5119
5483
28197
81244
569
9723
84220
17377
61069
99000
72684
29869
24586
61162
7034
49957
22926
50387
43886
90239
39939
55163
12437
87497
75453
2756
93308
68456
6045
38688
94201
59137
65708
54053
11049
57673
36235
72799
46497
21076
68762
22158
487
78780
6757
61914
28977
14245
12927
90270
6706
59214
36690
33704
79270
24762
92677
21625
58796
1300
94251
61804
88496
25940
99745
48313
79304
62394
14078
6751
9495
73986
9679
43001
8710
16954
36080
93972
78457
85224
46484
12623
26064
13496
20414
36851
40743
77167
7737
88706
82096
71754
5741
80236
49964
48811
63418
99837
2835
62057
31687
28492
61671
6791
30784
72328
15905
50562
99057
14906
26369
78207
20377
81465
97937
22554
24074
19267
6457
30527
94799
10306
69636
95947
2540
25783
95025
20405
80360
79837
94613
32908
10397
18440
1607
49019
97043
81912
39704
35538
19896
77542
67080
53962
30327
12040
21134
88618
95977
5971
29320
87750
83746
69837
25234
20333
93745
11547
29758
6321
67307
86117
87949
75467
5420
85415
10399
48455
21627
86585
81651
97400
3251
38103
49836
57928
98046
72954
1080
92642
45578
75606
44111
40703
38761
74308
83023
84736
9357
44122
73063
21340
53177
30836
4138
3143
99190
22420
17773
38235
79714
18025
39246
78034
70806
76083
36668
70094
86645
76003
93514
85956
77046
12256
93424
98752
37399
69673
87427
13987
13478
92631
53862
90899
64106
12672
81928
46103
21718
91325
66476
15149
77242
82927
21879
98730
21551
1312
64671
16231
3973
60496
44634
94764
17904
33938
47905
42220
24641
4604
99863
11639
46644
74397
27036
53580
99338
41119
54724
52203
78010
3153
31887
51683
42829
19089
28449
24382
79376
96445
56543
38345
76384
42204
5181
56323
41507
27499
17929
12982
39900
56264
46099
66243
35608
1611
62594
39908
9782
20589
25440
96720
15361
72492
14379
72820
42710
25568
38646
57085
79311
52052
97709
18073
76101
76703
25950
94367
68151
91041
62323
73286
29938
33613
79457
16111
27701
70761
30326
45957
83922
39428
58716
95946
67145
49491
7431
36864
48019
75812
7788
83895
68504
17380
93056
89237
30677
65779
12473
72160
98518
37083
1801
94611
6428
85020
3902
27147
26571
18766
43380
86714
21288
64308
9514
96711
65825
69228
54791
77955
83718
19431
59617
18829
66260
75482
59347
22328
89405
6616
97667
68684
87359
33073
77389
85821
80696
28320
29711
15218
84868
9131
12928
12113
37231
73458
31242
57975
25543
61100
3372
73551
47516
51875
58069
66074
75094
93808
23880
11493
11671
22596
21432
84663
77661
9281
28364
49846
94282
48696
59364
6718
44674
97562
46379
77848
13324
99195
41924
24267
70379
91441
64408
40342
18358
10060
97944
61553
4552
4462
28605
98225
21131
87951
60700
40233
24217
38363
80276
20451
5599
27787
33631
88118
11298
93144
26584
62825
92932
10490
65774
7553
63772
66633
29562
86919
75272
62221
91351
92503
6623
97883
4536
74235
92244
55074
60176
34080
6862
69559
28522
71023
97621
55980
22204
40914
5513
88303
70665
73945
53488
75831
31241
36563
22000
56091
47488
42323
91684
94554
75265
32190
93945
67576
92991
56237
78674
32797
59638
78465
70735
13782
10932
55150
24475
79777
79540
36507
49128
32471
54151
48358
28728
53176
26835
12680
13643
40131
6059
98151
11662
79468
58756
62003
67389
13336
9889
62396
38473
73899
6853
39072
13080
34984
23662
18547
6423
80961
92926
13730
38268
25790
8547
13355
69539
90015
43045
92124
25128
56318
50398
5475
14162
53798
69815
19832
81639
15311
18093
11550
7280
94187
87029
33918
48880
77904
73040
80692
89826
57311
90001
32315
5993
72511
87333
58247
29795
6253
39164
3425
97629
98021
24684
92854
23208
19348
2269
75965
27750
89971
29309
70948
52813
76724
90729
60325
89895
48849
49314
41889
8636
53036
15818
77426
86321
47334
60602
52406
45880
29527
91101
81320
86878
13069
41278
70224
88461
74968
26457
92339
30735
53145
49340
90991
51843
94718
17755
72734
91042
66958
27347
80877
98013
54265
52000
79507
75140
32492
41385
40042
36423
74040
39187
19152
43255
66681
22441
87383
47175
19927
6888
90139
83292
62365
75741
49008
29536
51495
63583
10478
76811
8963
50881
6896
11205
17615
76986
94186
91382
70083
44743
94021
76146
97924
46150
30794
36394
40470
7180
94699
44274
51176
38789
18731
26737
58134
19797
24301
35170
2234
1167
99558
65313
1429
60395
88209
68313
60634
36903
53438
19686
69726
59705
35902
48702
65261
85390
42121
97118
85653
65955
79652
63225
71858
43250
47496
13623
44990
84138
51491
87625
67144
64000
68239
96492
22436
36297
6685
70317
45976
14951
60231
28337
5401
4669
87126
25814
12915
72668
50950
31184
66931
54834
91715
13840
64008
53014
71621
72386
95282
78513
86366
26583
37300
73837
14588
51093
80433
77397
20576
27037
55523
4093
76701
79909
37864
56164
40001
16979
68856
54284
77021
97260
20168
81506
44309
37128
26391
80609
46176
4336
15954
47441
3897
52564
60450
56314
5951
16362
89022
33121
29631
51570
92907
81412
14332
61846
94843
13568
18642
63759
95582
99147
66624
33755
22183
78799
68190
68073
8857
66449
86436
8811
95850
86356
37553
58025
75990
19583
20243
51915
61670
31124
2515
24543
88332
42760
42667
86105
70476
34711
76017
54952
7273
32579
12526
66732
37452
58663
10473
84669
34578
38240
5758
32857
87319
39200
55831
3446
66489
68292
40673
42596
85464
16485
98964
28579
35007
84955
27281
88587
24102
45065
92477
4822
84376
4419
84280
11873
63614
86838
5004
31772
28879
63414
63902
97914
17238
61550
96127
69061
59839
72829
43981
76673
9790
36625
4047
18088
28981
94023
45921
97341
25481
42431
85941
89056
93122
28003
35716
7602
98734
6742
70418
14311
63297
40285
87260
19954
29773
85579
77101
63519
57489
80177
71413
24403
29307
17938
69802
34003
59994
62679
51070
69124
52989
63912
94039
6401
89793
18097
5398
64600
53787
26020
77847
86515
19863
92132
33504
44438
75635
89534
97114
36254
5641
63380
60434
949
52460
14920
1130
70335
37923
47338
81573
32666
39399
7275
43214
36105
10139
41354
66574
40239
50229
16668
5207
7527
7204
23655
62712
3636
70643
40297
92620
83622
4216
80947
36178
27856
12862
94871
75838
47909
84886
61774
89436
19413
50663
34515
12438
79856
64484
97382
37418
64473
28314
5579
91680
85978
70827
44283
51053
73863
50286
84533
14054
33022
27341
4178
30626
66001
55877
71619
95191
96973
95253
59602
91142
27603
70833
32253
87396
17255
91144
1596
69286
30458
85018
92001
71151
9687
46734
1541
35573
72294
32061
11040
5610
57866
66177
76915
32105
32673
84545
89653
429
57333
69059
69126
32966
56352
74538
33620
98530
86212
7893
95507
48857
83127
7130
80718
16413
60556
87062
58570
98218
23420
25585
35919
93279
39771
90217
31536
27430
51905
18819
62277
56165
75701
51091
19962
35834
66786
36450
83942
10209
72004
81645
92978
63131
41597
4849
10221
77717
46962
74681
21961
6846
36333
30338
60767
92611
22288
99160
60809
3459
59468
36821
20707
12809
21592
53610
84121
90943
92975
69776
73135
89803
30551
89923
63634
77622
19912
54929
42840
67269
31994
28843
90706
95763
68763
80690
29078
20159
45282
25995
41908
87909
14918
81826
4434
53961
66288
96096
91809
12154
61950
32608
741
27245
67407
96085
52166
70911
68979
55386
3403
42747
85922
98345
99653
38442
36609
75933
19614
88017
24116
10701
93246
95119
67081
31487
21054
47129
76416
40663
58377
5873
4933
35655
90873
92795
91563
45654
98157
83077
93939
53310
80618
80507
92824
10941
89987
90776
49513
70285
65128
8333
76655
48918
66660
71500
68853
21804
45337
73915
45463
75519
67728
80215
90725
6194
24349
31866
7789
14824
23592
35213
96951
28000
95845
51876
57387
77765
4476
34397
65222
10938
19126
55734
6307
21679
83717
18975
92330
59273
12461
26711
95263
18796
66853
55309
45713
97057
76741
44704
4300
177
13303
87707
30212
84882
71135
16817
39507
40939
98437
20206
33965
13191
47188
75042
60573
42311
8842
64589
88716
78092
33123
40312
61675
9353
95490
70801
10325
63085
12398
63027
94368
13505
18498
47729
70346
68117
22640
5486
71136
78132
72468
64057
74990
2075
15856
62020
56748
69415
22751
40630
43382
79591
79552
25540
859
8648
42182
6061
78053
55748
49847
37830
93523
72275
77395
30033
36577
42305
7845
4323
12445
28099
60790
12176
77741
95796
94161
73529
79455
77224
64383
65457
33562
85250
55223
78323
5221
88158
70163
24120
99030
63174
92704
26816
22723
67494
21001
4483
93341
78398
44118
48109
90155
36405
44484
99347
2258
93903
47225
78986
76670
60771
69605
70897
30522
18953
5626
1100
78591
87154
30674
7900
97154
21732
9149
73935
9981
44083
48413
65911
59999
4984
15599
74020
78302
45711
59401
26234
96643
2885
86544
93472
39995
24621
83423
62684
438
70204
88262
62748
17903
10049
55942
28041
56303
6076
38256
47297
53990
91790
24615
54146
88790
60249
77832
85268
99134
97786
43453
94543
20542
39615
17825
66498
15319
18754
30773
71578
8780
61842
71835
63481
11581
2613
5778
41920
66945
41377
77791
5364
41455
92480
55671
79162
654
88492
80536
40905
78445
16487
10357
4717
39260
44920
29462
17867
61971
8532
69030
39375
33443
13565
57785
50742
85179
65951
87605
64200
98170
61583
80381
98262
87684
27553
69500
97527
94569
90378
51743
51096
36626
17902
53541
48169
35501
43796
99690
18736
51293
39722
77006
5621
73368
38369
41435
50858
27
74573
90690
88294
59429
54695
57134
1194
52263
66152
85362
11485
2838
18173
51747
43464
81925
53977
83940
7499
20039
32684
98407
32242
61996
40930
34199
11185
32522
47706
78366
33610
73472
95586
29368
5726
34053
58224
17621
22815
42493
51421
16252
20030
21986
77942
88819
49850
4877
20793
35591
95898
88135
76514
84636
18949
63314
73207
29145
53756
56118
83291
79356
16910
75017
98342
63934
64327
61335
5361
12373
20014
38421
51835
42972
2800
32633
87679
16136
43092
88398
22763
42067
95760
35290
58979
94504
13104
67846
74058
87858
41195
37685
84814
92005
59119
16397
29521
29565
68776
67159
43112
7802
14093
91105
61857
67072
85264
33182
53452
27024
64837
89853
95721
30365
21776
42477
91900
64260
90264
71723
29742
98316
87966
77809
4151
95984
19913
86338
77045
59010
28677
93075
80966
40498
87716
28444
99637
74974
61133
8859
4136
43526
64879
77260
99878
21554
33907
67798
49983
31649
74973
22240
93719
46244
61081
22604
3904
59420
7842
11041
16235
40749
5413
30187
94909
88524
88127
81949
22708
8241
48780
65526
42446
78899
59995
55347
44259
24886
15972
95063
22014
68209
79222
62958
37221
72578
67461
41203
93603
30014
86917
47949
5688
10576
89694
75274
35964
29430
97580
89020
95712
97793
24450
62634
81219
96330
78303
91243
733
15050
18587
46283
96628
91260
7767
36555
18332
57912
66280
83235
64397
46036
26898
13131
45620
53290
3296
21187
80884
19816
39800
35360
39268
30591
439
45390
44198
39125
77198
45092
96023
7539
34543
80261
22688
25593
90135
75669
70015
9324
49392
31854
83304
50234
67388
76626
27062
39280
41880
3424
30199
21645
95339
10900
35013
92759
76572
23048
23367
51526
32629
39942
38637
28093
63962
53111
86571
76077
56927
38660
67200
34287
71566
64334
5932
65486
78475
45670
37123
2572
73440
66775
64889
2738
48833
57540
93209
90743
78004
34352
17239
44604
92601
85002
11231
83723
17396
11702
14430
56426
51143
11944
36395
6177
50572
2448
63070
34119
78634
20731
61766
61808
83155
27863
45160
18752
85994
56337
40314
26167
43254
86242
31563
96657
74871
63409
55109
66528
11642
4023
92105
95388
49075
49423
83176
68495
82748
59032
83928
90077
3838
39919
22598
88588
46870
77195
50359
86290
25763
51021
27107
23584
39323
11806
45932
91057
14567
18256
89333
30298
65663
90962
12559
33799
27169
86736
36565
78901
41898
54947
17626
71860
70998
37361
59436
89726
51386
76843
92750
38829
33016
32831
55812
23709
61652
86638
88371
87550
76797
58596
66323
66188
60932
32328
61262
82
20138
37107
76012
16790
7399
67238
39462
59594
53157
51259
17474
87248
9090
88822
321
93105
34650
95671
57632
32982
62251
14519
81896
54532
76757
15659
9155
66856
90897
19703
26093
49677
75158
94900
21656
93967
14979
59599
55418
2547
84103
30796
13424
17528
57140
40551
80957
8523
79066
49346
92280
56381
14668
63717
78716
97091
24827
38310
44903
46982
37955
61909
53668
33162
54908
9517
58523
74015
68468
19042
18420
12678
55381
25504
68138
2368
81039
74433
78912
49251
54811
7065
82863
66519
32842
16651
45537
30635
69833
80971
49304
19961
10466
44682
37062
11673
1185
20349
863
11163
30260
33887
90047
92760
34238
68626
18934
18426
31190
92106
17159
23310
85716
53132
86249
98830
20539
24726
97965
87006
85809
66026
14628
46489
52179
17221
68729
28841
58194
56721
84328
28087
4549
65371
56112
59095
5210
98937
16994
93213
87532
22188
75698
81530
66760
30951
40502
2485
51067
49789
76744
46716
90815
52933
84095
34606
40622
68550
22540
31503
17674
42151
38311
70274
60794
5651
59761
9785
82517
69064
4295
72177
15293
27503
87273
68794
12442
61532
71033
90760
49628
83915
53883
52576
25838
5870
6570
50602
87494
13790
45818
39893
67839
96988
54558
40859
65196
20687
2619
94213
50651
87238
28162
31169
45955
29408
21421
83395
9696
82898
33135
65801
48853
18792
83842
69251
22954
93484
14500
1471
82181
96438
86072
91355
62456
27152
97650
29291
77175
89459
74230
86862
92008
68930
84041
81848
79804
20678
78103
19099
38650
14285
63076
25136
50420
45930
33422
34863
75836
60919
7723
56869
73026
3855
65071
23429
15712
78186
38783
28929
10486
8460
68188
26470
44556
52152
54988
85205
7934
23685
78374
16472
63073
19918
91625
19543
21079
48959
85675
200
60130
91740
37735
39897
37353
64096
14924
92076
88657
49892
93267
42626
38972
54393
20416
54492
15986
44473
44881
82629
155
42766
28826
71301
31725
98111
57052
31587
19345
75065
54125
71612
48747
83566
19537
12440
49046
89034
62600
20639
37961
35563
914
34737
82031
97232
8771
98771
77936
9964
819
19916
22365
61486
61984
45540
83231
1378
62205
82514
69613
76067
43554
22884
76302
93763
87447
39464
85674
37795
70441
62905
74563
94483
91206
96787
94354
13262
45298
10533
68003
52993
51136
65619
75778
87704
7877
44565
99520
81088
48766
55940
41350
70240
78320
53913
87389
17078
41481
74804
23278
60440
38228
71773
16228
66190
44606
81241
23743
98239
11827
8284
11742
31680
81759
21935
45556
45559
93015
77579
56831
10703
3266
66057
44132
28743
33214
24809
1862
14485
81136
26490
51341
2627
85744
48832
69274
14596
66836
5448
77208
97171
97631
95895
46564
17835
72764
71679
21574
48977
85881
98889
49371
90396
40875
35333
14437
4070
11330
76171
46955
23283
7332
93632
80070
85492
19738
65189
27545
35657
88617
15291
63299
61756
81544
17400
87343
21168
57838
8951
24693
50453
27616
58217
96014
91871
51790
9663
24476
96603
86047
70161
88983
59383
43347
30910
18963
49147
6473
13493
28874
50403
93401
55528
65387
88857
19221
59774
12133
71660
19726
92486
34400
74836
80803
55231
49771
81239
48092
47318
4279
40835
42185
32120
80315
54397
97828
44301
97896
95471
47694
85089
94210
80159
39763
48460
45382
632
65808
51434
15820
28498
84959
4012
45304
71323
64830
38920
69271
51591
85872
76115
20744
94263
63793
64941
55229
84746
83113
40364
66003
22814
3235
60179
52476
35788
2755
87535
13184
54567
31989
46704
51656
35905
9928
96228
46090
36403
29904
61897
9602
42457
98998
44352
37178
40691
76239
17392
13449
62070
51024
50343
10580
68086
86593
93787
87194
63237
22934
29238
18223
25877
87069
12327
23259
1455
31783
91768
90864
21791
88959
88206
65419
56757
11006
86358
11200
32285
3044
54026
75141
53763
25103
26306
8302
30259
37523
13312
43757
31385
8381
21793
27337
24678
65916
22748
64493
64867
45381
46836
63535
50051
30317
46989
57336
43744
34085
30364
97493
66891
62935
44879
33832
31043
8789
78312
98788
12558
1072
77795
84942
96764
83852
4658
57003
34651
46495
90834
42310
3630
9806
51263
20335
28842
55619
22253
19104
22350
85578
85208
47263
48845
36270
51607
79444
47072
82856
46211
24717
58781
75323
97129
30883
63675
94625
60111
8027
21556
48765
48911
40433
60649
88239
45905
97331
4479
25008
72435
64684
95661
76390
82957
12553
2964
59203
99470
43920
30716
73735
31850
91240
48251
14383
9503
96415
54612
32364
53510
28144
35461
71915
77125
99009
29258
61010
68137
98416
51352
52454
99909
22298
5439
23807
32951
32862
53570
55448
62612
34806
32456
73266
27403
69141
63541
79779
17786
48023
4290
76932
89069
12105
42997
11545
99142
69508
35289
70596
12374
48718
4919
11421
49164
22597
46102
40720
58749
31637
58319
64152
22790
86846
32165
50953
64083
82227
70995
86153
4681
49278
27409
13329
91934
40812
26386
8524
87861
20472
77841
43180
69734
98809
57223
57162
91533
81755
94085
22869
41610
9586
24568
49953
54528
35754
28886
13573
34941
46429
59065
16697
40899
57491
90446
94490
72630
53825
47701
1052
2281
88633
14077
41691
87020
6823
16751
2568
9910
2740
70472
63569
1716
85038
80121
9527
85593
74609
15668
84033
40872
53911
3628
81543
86058
59712
32009
94792
268
57370
79375
26007
12588
78272
79917
18331
49573
72426
34462
37806
72795
26025
72772
77500
39487
9808
50794
48709
13537
67952
26156
9203
4036
45743
72349
89739
87884
70225
52872
27626
4738
83512
90080
22163
90240
1176
96536
46146
4540
14707
88684
50329
91889
69872
51322
85768
91417
37245
88172
11138
67044
13338
15322
7039
30932
46541
75532
75442
65140
1101
75673
50931
65692
71405
87547
37039
5285
46680
8437
47559
77715
56174
8072
87995
17629
56960
54727
4393
58657
9481
55914
51409
43009
27725
79519
84292
1214
88899
92911
34915
14645
8483
85710
83754
65881
4810
53471
67850
11458
71638
32507
53611
57717
39216
39414
92606
49058
77299
77170
82131
44170
46403
92384
48490
16275
81540
55065
411
32575
19771
53655
46250
26883
33542
99877
29949
7793
11595
24188
23347
41468
90800
8247
37186
87279
36069
19144
33781
36636
61246
69930
29814
67628
29034
47948
90078
38007
41931
45531
32311
48511
29300
87557
11741
33846
60139
57770
42335
45429
89631
7288
55300
44160
86194
95914
74398
36244
88746
53184
87233
44575
11152
46226
36967
98833
58789
69102
81842
72539
11780
40049
23451
9345
52150
57048
91185
25480
38492
56054
3443
87732
41612
51862
81419
32930
8786
63714
43884
1426
78771
906
31859
66196
60914
63682
3021
32453
37705
5795
58465
15166
2140
74195
17041
53557
63607
39987
67644
98457
83931
23042
80242
79811
23163
38413
59566
89265
49435
59011
89083
81580
11596
14764
56638
67227
93051
16068
47796
78529
76401
47602
22374
53792
39178
95907
92834
62907
35594
85345
3788
4644
30606
1007
29444
20249
32986
50808
21322
47362
17583
71849
31918
42282
91967
97487
52352
76898
55412
71914
72020
28413
92981
32455
52921
49115
84711
23670
66437
10069
71011
29774
32122
92827
49270
72453
79361
46192
95841
32068
9500
76551
48209
3996
66552
24753
70150
46052
1996
33269
21816
6672
81335
14499
72482
98899
68044
65364
33549
59000
54633
9420
29031
77369
41386
85171
43577
95524
69481
7093
99672
22230
58166
28500
35553
473
52355
43777
2961
63865
50839
34696
45756
88186
78133
70200
4203
53360
12971
48774
53351
66942
951
64823
85630
29134
10740
76760
65091
50593
10110
13512
42925
37315
80393
66763
19320
38654
32447
83637
54133
29697
15570
64984
67651
51971
95607
83962
7528
15274
64245
17632
26223
73674
37612
49347
55081
24986
39738
56750
76800
81786
58555
16416
47665
19993
78774
50712
82169
58618
34323
33321
22149
95402
11055
36424
84338
84522
66669
52472
67231
13772
12606
1531
3525
32969
58650
80932
32200
87284
50644
34289
15864
45562
96919
53186
78036
7267
50131
89689
78829
24974
32964
12579
17850
71096
7852
31379
95184
9236
86465
23931
85859
68242
68623
21889
71562
74133
70024
21377
7214
64029
10650
51762
34739
44810
74866
8668
50332
75360
47093
39065
47043
92170
14118
90989
99419
43986
94105
99575
34613
15656
60817
77957
71643
42794
17489
65576
52756
38965
17905
68531
18176
34587
57499
69021
67226
78521
78856
96531
31962
64939
85795
65962
59982
54392
84661
3238
24417
58418
96427
500
21765
65531
48440
96841
74771
63061
74554
26188
45953
48589
74435
13892
74717
68438
68164
24537
62595
53626
8195
84985
20163
54271
48681
87582
5608
625
10176
68446
4195
35430
10773
9486
78967
3382
2322
45584
53725
12652
28639
23883
80739
25755
15609
35620
59467
84508
18314
62908
48917
12695
60005
50384
89481
57665
20527
64142
4031
66335
96374
51812
24943
79254
48713
41055
14705
78875
73596
58122
78547
28167
73525
54958
61735
73397
88226
33287
46213
4263
91719
50258
1764
81373
42649
61831
33627
59414
2812
18279
86340
17859
67403
62478
3407
65997
74390
61092
12667
63739
35411
74447
79210
64551
89164
86870
72451
58622
59343
85647
93200
56395
80228
29884
16075
67127
1973
63786
65300
49887
703
69429
58742
75240
8023
92207
46528
96409
60583
48982
60213
54779
6773
33745
86202
42950
60211
92288
96967
6772
36695
10027
3709
92144
8722
53644
95189
14893
92138
4730
61465
66258
8148
43150
53742
46847
37611
22173
99414
97084
73645
30023
93613
43401
80606
99436
56436
23690
87776
21706
28997
24421
16638
26504
60696
97135
18039
83568
49781
39479
38327
85905
12409
6738
7322
55856
46285
71437
44250
48340
15169
23304
59646
78951
99140
57990
74066
55516
76103
39933
95380
47573
12787
16011
20593
86616
84467
65439
92543
39370
58449
1022
31800
92637
23185
58172
81211
65793
60434
