5000
63296
65762
84591
63744
65695
36000
27141
42435
11465
69281
72023
42124
80423
42469
23073
78505
29518
5859
79131
22606
87976
58960
51873
14620
5738
53410
81142
47835
28878
5946
15173
5914
66987
59718
19048
59379
27946
31396
64973
74110
34481
69936
77460
39478
15468
67495
1487
85447
78855
35562
65226
45573
50163
20452
43571
90816
55259
73515
43609
33176
97383
87070
50431
8725
18317
82541
76541
52874
9067
59455
92366
56339
98983
94108
60118
76253
54698
62291
10165
12230
11205
67168
38219
11191
3526
2529
48962
46408
8996
37068
67970
95064
98834
81196
36908
97310
9090
88272
45606
32465
88114
80721
55177
76840
79675
10175
95434
26579
42722
16881
94273
49472
27647
4590
97449
90114
39323
57339
90803
88189
37310
47374
86701
25125
10164
2412
62372
26932
97011
37751
59203
96611
76414
47959
78453
60855
32642
49412
53314
72148
67492
64423
95505
25241
10487
1949
42163
99858
38322
57275
31405
18431
90893
39968
95827
31005
78463
8556
83872
42019
40389
97779
2075
1737
41660
17444
18220
75378
20018
97826
61275
41850
16580
82355
97631
47814
97067
63601
58541
52385
12901
35508
10051
52486
93551
27598
38843
94816
22439
71880
88699
27475
52498
52782
34609
78581
18160
971
29942
57495
79671
49656
39814
23678
27531
90498
28022
72763
56564
16929
34715
53807
84539
27640
49708
38724
11649
36835
49436
94794
62957
70664
84217
69730
23996
65315
66670
7741
23390
47563
91494
36891
88648
59213
93021
36841
62000
20894
65584
24005
33335
85208
9200
12866
96046
75572
36333
63335
60331
86785
62134
55288
82125
17030
41612
69995
46723
57639
17802
24064
94663
23460
53603
9389
19127
92390
39583
99383
17857
9390
93738
87942
22742
60220
53222
92729
41529
49979
16232
64865
81857
42413
12744
32239
1894
20542
94802
4472
21103
90861
69779
89704
70125
12328
17000
71864
38273
4344
14144
90369
88344
57208
25851
20023
29627
22083
28306
53627
64122
63277
59657
49265
8040
89570
81239
2368
90593
35636
20977
50863
75315
50424
14579
12490
6392
47508
19178
88436
33871
59168
89880
84430
35778
16753
71823
20954
32643
39975
86853
12662
74755
88691
10534
199
20517
64230
16711
10797
29713
77785
85156
36172
83536
20007
16446
65897
82962
50864
45521
69571
29894
47818
56883
55866
66113
37390
89250
29496
61851
72366
21165
7893
28703
39150
56828
35520
43012
32100
91649
79255
12617
32623
5918
55347
96695
95893
87001
29759
12522
13481
9560
4008
29149
73463
40859
92581
27371
66925
19911
43787
90499
75404
79725
54843
56554
24453
93570
19175
7537
10629
72397
75961
55134
18854
81093
8783
54962
38992
60471
22362
54765
76101
58823
50621
43941
95983
16327
26862
89883
89545
74234
5071
76228
75431
58968
39123
88224
1905
1970
97755
30597
88441
65792
71291
82953
5310
94855
75424
23344
71642
49921
82146
21820
35142
44050
71738
97862
15637
31758
56702
20407
36705
61798
27793
53949
77911
97936
22826
24284
72026
72756
9326
15589
99040
80252
75964
66549
42505
82248
22458
96845
52487
27886
47510
21234
3667
7809
63755
69205
90099
20374
95648
47846
88106
56962
81373
42340
90521
2513
92885
31089
26880
21448
8931
47833
78867
82860
67803
23842
64435
86258
79395
78421
32832
5130
21720
30006
60966
72740
22139
22802
70856
73244
82050
92815
70539
19565
22747
48404
30106
12660
58645
5799
81693
4965
10395
96318
3960
11272
90941
21667
69765
7237
85993
67456
63172
85568
75863
6977
20509
31751
14665
23612
15149
91684
52939
35101
49649
69295
32347
87245
44773
86867
65881
47732
68714
18215
20000
30124
56168
34169
14753
52073
52889
12359
9998
47020
13526
35130
23450
9704
1653
526
83626
46053
84418
22348
80005
62769
31478
97620
47658
3990
53589
35399
21612
70332
72582
6570
69992
56067
68663
23002
70126
77853
51792
93947
60822
26707
68507
85267
37951
86559
44151
22692
40692
31142
35736
542
11404
46348
54539
87346
6000
86946
47222
21040
85745
66891
18122
23223
57830
39462
65640
42849
55116
42030
15411
32707
59427
29882
9765
9050
87790
9154
22676
57305
4807
738
32561
5492
56735
31338
68890
73576
46681
5378
60439
39358
36487
66557
32344
12069
27441
15966
43759
88475
42288
87334
15147
89746
3142
76922
87360
92841
62113
53233
98303
59491
5864
27659
88591
80601
56567
31167
89763
36275
68583
24744
29983
44723
3261
71705
18470
13137
92967
58257
75643
72241
53231
34568
20133
71859
24759
79891
13336
33567
55767
40348
14441
32652
38200
7154
68828
97418
92845
39386
92827
67699
14360
6787
54746
66649
98858
94387
36619
19639
91818
17143
43214
96032
53374
23021
16682
81023
1201
35667
15196
81932
24641
96229
36696
51682
8760
57368
84798
77986
30834
96554
29747
45563
49648
89975
27601
24283
88977
16485
66208
94920
42509
13384
27878
7999
98952
70273
73012
19428
29191
77758
43769
99021
56803
76056
77718
95322
86104
61769
67128
89918
44014
20132
21111
37047
2256
57537
15633
39670
3898
21830
99026
56557
17574
10414
4513
85150
35474
15469
93664
49470
84605
40862
75980
73233
56960
88145
4242
76835
35531
84113
29580
64833
72628
20367
837
64848
80136
6296
38808
25902
39778
42472
56631
32090
36030
68588
58174
15541
18860
77263
21569
49585
64289
59353
42623
27594
88624
68475
9426
83226
27453
85193
47332
85099
2597
71041
9716
71007
27520
77803
71947
72976
39777
1884
29402
59827
55724
9069
31087
87857
2591
69088
2365
82110
19235
42966
93088
44699
51796
89135
86372
90962
66830
25279
58957
31697
73976
61448
94096
56401
90177
54742
56461
1825
12762
92216
12307
47997
83523
12425
50630
34378
5750
28816
36973
39282
3752
55428
2058
37929
79892
54040
31157
39166
16157
78025
47588
44327
54044
53420
93862
93529
7012
57260
1185
61127
42271
37438
73612
19992
956
92873
98270
84207
95461
50273
17963
25061
56447
46853
26474
29025
3693
93692
4659
40992
71712
23219
45032
81544
22815
69667
93473
94549
80405
37709
87328
98849
67954
8352
28745
12736
51329
22118
13297
589
1463
32917
32111
59187
51771
3341
92180
56871
64464
43800
93398
7949
90581
74470
76212
67840
24671
44173
23543
19268
45133
4950
39908
16873
15014
24164
64208
98194
72519
46865
71104
57480
89450
62818
87021
53203
75190
6890
14292
67817
9874
24340
77523
65406
74910
68611
28942
11354
87559
49117
61240
10798
82641
45315
58476
40410
61741
40038
86836
28659
11547
76049
36916
96870
72264
30995
74816
74621
15132
36353
83111
5595
87690
68356
8572
74845
44867
37994
9134
91617
53398
33196
89093
69402
30914
83597
23045
4499
55646
45481
27529
25283
73624
93476
95825
55442
95651
80660
44099
15833
87087
88286
75058
57539
29919
52693
65923
12211
52558
25342
71950
17943
33764
55939
84182
70061
51609
99612
9284
86615
15371
9097
47695
13353
19023
28614
3758
57660
77349
75915
81762
87066
60549
98807
12778
39974
72504
47651
69758
45227
49266
66302
82955
65001
2304
1466
85773
77874
68063
87236
33361
9857
11824
17071
68026
84219
26230
74616
97576
61582
39557
7922
69911
37852
95410
59130
62169
52866
28183
37897
49496
83859
84688
13404
41810
65628
19210
14889
88155
16014
84142
29579
59069
91131
22744
14309
37094
4101
82553
14493
94233
89203
34992
35910
62050
52178
4860
81795
446
79918
34849
48587
99597
14028
1302
24488
94815
77329
71347
91955
1623
80445
87095
33736
34634
49885
20555
53007
3611
4843
51497
81717
35745
22578
52732
58685
67049
29411
80417
99666
29832
35731
13726
41118
79142
98266
29898
90287
76878
94514
90870
85921
35483
31460
55092
21047
82458
2613
66418
40309
80359
51917
51982
29040
58218
79930
80244
30164
64917
65106
66556
87411
66746
27965
25198
55241
93281
12775
56358
7745
85428
88617
54621
16620
45268
1565
91870
49603
30036
55516
21515
19477
94067
5368
94114
25014
9922
42806
48171
61974
88888
2483
70639
20930
96644
20052
87092
92040
65390
44137
76797
60776
9255
55922
75409
42061
25003
41054
35525
88140
32452
67820
41285
72926
11802
3357
26046
5431
64113
78825
9911
69881
89777
32051
91153
4432
48652
55051
80362
80316
61361
63574
36667
4588
44001
88714
4887
91505
10306
33153
66133
72338
30942
91620
21223
80275
45972
40853
6377
5052
3445
10281
67946
89722
10057
5198
32538
4071
73574
49709
19941
78092
43263
41399
74638
51878
59290
36494
66651
48069
45792
56753
34834
73432
65728
92928
49255
90586
6925
44524
33699
14156
47643
75406
98045
7053
59744
23868
81495
32330
66769
55749
68334
79321
2392
15678
57597
24900
80277
7800
66189
3122
38814
36766
87713
93178
30403
5978
45961
89532
62962
5510
383
89970
44352
17336
91551
22983
61004
71768
21936
24874
36489
83568
99530
13292
25545
5321
2135
87326
91762
14034
20868
23358
11443
2722
66663
97850
12063
27183
93605
38063
54459
67122
61258
15898
73853
80577
34201
40098
58368
26935
54111
27162
64962
24269
78109
36335
40525
25280
67162
59108
97328
30593
90908
8465
82661
26147
86333
32192
39681
4105
78225
97089
64961
94612
6824
61382
71467
47896
83513
85556
35272
45383
21173
90652
32609
69805
56608
28163
73018
84486
98126
6403
10100
31609
42212
64557
7092
77405
53685
2165
13409
7924
21418
7181
37455
33918
84813
32517
87925
50665
477
84115
20579
59212
35314
20692
10133
31940
98243
96433
90129
76438
94102
46270
36602
33968
96535
67600
48572
24007
95892
50990
27879
96329
42015
22899
54563
47840
80762
74813
7224
99625
89161
94491
84009
73122
81388
14510
38524
46730
3940
97132
80848
10926
80596
72331
10424
36845
9793
52518
79444
50758
26788
76704
919
68484
19193
61575
20401
39446
15429
65655
48346
14389
4055
79817
54973
30524
30189
85946
73286
76483
65353
10845
8063
20530
58040
70148
19525
27421
35969
92822
71779
91263
40224
84153
378
40386
10725
83704
29230
48889
81253
98048
66538
91733
10349
60097
30393
71265
13567
87619
57978
6524
20662
68375
53238
55776
92281
34547
52704
81637
19863
86246
87586
87471
62832
10477
82815
16459
57170
96118
41141
80400
39127
41185
42651
34641
83079
16016
73242
82585
60005
46254
47673
39702
8275
85297
85438
29118
82159
96392
47079
35163
72032
28363
94743
51436
7312
24201
50894
20765
64390
83889
32914
92074
29686
74680
60399
23016
44912
68716
87998
90699
18519
52620
76361
10701
75772
3906
6248
56896
45815
71999
6148
98460
48712
13189
32671
59668
53579
42822
86977
62690
37624
64060
36839
58363
47712
20563
54787
97486
96106
63869
97308
63827
36031
91749
27860
7977
47671
37932
70723
27057
84436
35635
4709
90104
40779
33360
99845
31800
91451
95162
49702
9175
80353
60394
4827
22946
95708
82658
11597
39838
79419
45923
62750
30292
7408
27193
60730
69076
87349
8965
60528
4150
33943
46619
33752
94724
25516
46098
54820
77045
3704
9997
41687
36665
13909
85951
9549
27679
18418
37060
8348
37464
19129
41923
84544
3027
36486
27248
84291
34226
19883
91042
86115
50115
95173
51604
23513
9018
70562
66527
46787
15044
35821
14884
31496
55358
4639
7439
37749
62425
9464
37143
99544
22440
67419
60305
57812
63570
66579
91565
99474
61599
32562
73542
3266
70423
79951
30921
13638
54204
35715
45703
42232
68740
38682
99962
97238
8298
17764
93830
64950
4592
76077
60332
55933
31360
98652
51026
76323
43063
43878
21484
92659
67798
31509
50263
1923
32413
59224
82917
61989
30751
7703
22086
83980
44114
17278
289
68840
92858
81038
19927
54493
77374
5324
577
72898
40343
98111
98961
91382
46894
24677
58996
82878
59043
36372
66314
22595
33505
50678
75274
23949
38575
35383
69535
70571
7686
59147
16535
14198
99562
59927
90494
40470
88076
94487
4181
68984
75882
19969
51710
28098
43906
18782
99015
99516
9714
89018
19465
43344
35727
33479
8111
7403
97391
77763
5120
46512
47042
18664
66222
85512
95821
75385
51042
10028
87445
26001
4236
80271
24962
33377
5646
39376
43398
19641
97019
61144
83505
5901
93444
36121
97770
70990
95523
85327
21076
66181
52343
93688
22911
96858
46196
73575
18594
66027
74068
18331
38674
676
98117
98890
16362
62321
13178
24204
71591
66783
54643
94923
20111
28432
35567
31798
31043
66872
63008
45073
40073
37433
33
39593
49744
1524
8756
61005
3945
57102
15170
87234
92303
16334
91787
46937
41686
66804
66587
24218
44121
16841
13343
15840
85073
48601
67250
6467
21138
85780
41843
24439
93146
61806
96593
68139
10170
63113
62205
96633
83502
42332
65320
42486
35019
52
74867
24271
69521
43634
73295
42549
17082
51774
34590
53974
41066
4402
90482
82809
687
10246
57145
59553
81891
54084
15573
65386
95364
65269
39683
77064
26382
40842
59160
9699
42261
51697
27570
11727
20623
17940
54860
84248
20249
63472
81463
44615
16552
1893
9363
60868
23282
55780
78895
59688
61307
82557
24229
34219
82271
5182
18273
18479
27856
98013
35782
38285
53413
9571
96862
57963
96640
30108
10837
62067
42037
68813
442
93180
55016
78807
3852
48086
1126
97840
89102
85370
32844
2739
42456
32968
80266
25755
43704
70215
64348
4174
81761
37892
68434
6875
82582
86524
32165
40409
9779
47933
34490
28547
21648
47180
12152
31147
19407
88590
65078
29385
83726
55018
34363
65615
64133
86515
51671
46504
96350
83697
59032
70190
863
22664
46143
46657
91699
38652
88791
98894
34868
56905
45121
32464
13125
1580
42173
15506
89668
28533
15129
97847
9163
48421
70456
51667
21917
58951
88304
71881
52728
83217
15156
22058
84827
59876
60067
97217
27021
72012
62503
54760
94458
90234
60853
31659
81974
15291
13607
47063
43463
73344
22347
98292
2020
15832
27360
45172
1117
62671
20397
61715
53503
85374
34906
33408
2340
5592
67713
55519
8095
26312
59615
42502
72739
16987
7884
13560
59312
97891
48193
4422
38660
58945
89006
70137
58482
60655
8988
71052
49487
43367
31152
21849
33273
92130
9324
54794
38436
29698
33469
69069
62941
15035
97166
2278
82926
39346
87906
72150
99670
3185
99985
29108
69647
66369
38122
70536
59325
15616
91584
57089
28099
83567
26515
32170
98178
9818
48804
43811
98046
4110
60981
92191
58866
77257
4163
68756
64419
27161
81971
61096
20467
69329
32264
27318
26226
21427
70275
50238
82014
45474
43033
39867
86448
80433
66347
77416
53423
42556
48431
59117
67835
86382
64022
43258
42972
36207
77445
98572
35046
86319
90927
61971
82753
28804
19239
92571
57267
94904
70087
62909
60881
94085
42039
91054
44294
99459
96603
15175
19367
55592
24550
14303
18231
63592
87676
72621
43736
4352
2295
52962
84729
1489
68245
14239
18283
12756
58204
79313
32459
22965
441
78688
79620
55042
59439
58931
78528
14402
69622
51543
68259
21175
23778
51333
29200
72297
2191
13932
27677
81515
6624
88855
14866
20404
13390
91285
35823
9203
43510
54884
10354
5540
48031
97101
95297
29333
23138
79853
36398
3646
70790
48016
24058
70957
69360
448
42559
6682
65914
59146
60362
98728
737
51292
13752
44658
37752
68126
10017
69191
97524
12055
53399
84097
27561
3541
44936
5655
29306
59195
2464
59381
96279
50437
83017
46286
92185
18057
3919
97971
23959
3869
40254
76214
49024
52677
21385
74745
67455
77688
41815
99362
28169
19026
89283
31914
17575
44592
6731
30101
46683
68110
78193
42674
87685
62595
40100
97120
42377
24708
43035
90403
25628
8368
1079
58331
34633
33791
90360
71482
12797
68589
67861
40607
17664
97963
42540
20972
23389
17717
10220
74807
33190
71524
76925
46261
45620
60094
58909
10542
15257
95435
97691
54151
60404
60504
77172
4906
99720
90898
18894
90501
37141
81616
49360
91170
48689
80413
86548
40281
12544
17784
20144
39249
34133
22043
95409
67236
53956
26278
39414
42048
33128
25629
53357
91518
8104
52138
39206
97072
93667
64408
6293
86621
43040
49304
5878
62217
7431
63296
87589
41357
79629
91729
88960
933
58765
37769
17029
39843
61050
2606
92173
59645
53986
61776
80810
77031
23903
36538
3120
26617
70661
586
69715
23200
61064
32263
52188
60564
55913
93615
77485
6997
38126
94895
62722
76834
29487
98885
76170
58030
90925
76900
79122
45746
32280
23860
50871
4731
63063
21764
77304
24217
30046
10042
93576
72571
3982
30405
40066
75852
87394
79520
46121
76852
97969
3509
69944
85557
27904
9879
70918
17186
8608
13368
56713
91198
67291
90035
31280
99822
44064
71243
17332
42508
84110
50500
34136
74498
74278
58156
97558
52584
90145
52719
30629
44635
57
79829
81310
73904
9417
89462
83612
48455
24914
854
30185
22833
58314
99161
2233
6396
68031
81456
5608
36744
68315
66873
4716
18262
40275
12991
51216
55626
18090
38793
76418
47130
24396
39155
36130
93480
21464
38669
80350
75137
85084
66468
42311
8901
56038
15782
43619
56313
78941
57335
3011
82377
63811
8230
94183
97022
88883
31291
44147
71758
4757
26416
48263
16193
84577
41589
1278
41434
68665
12870
23422
20021
83264
21012
91816
20854
80032
92648
86667
46048
26095
31230
26667
40632
98088
97194
67845
73241
7255
95575
7337
79380
30913
77930
89692
45888
8693
21364
50953
46917
29298
48486
76098
54355
58132
93660
56391
46195
83368
79998
50145
48208
39576
33876
48658
30457
35315
66262
10380
59250
28253
81870
54278
1100
22325
2547
80516
21490
53063
25861
80278
50229
69607
54205
25448
86743
20813
67355
28753
31076
14241
36682
98282
87253
63599
16502
83927
63083
53333
86932
26100
66396
25786
3559
340
12006
39324
13191
89546
32828
29881
40448
97664
1308
19150
24135
75708
78328
3867
11282
18802
63562
88693
85526
55591
94303
45596
83893
17831
70062
72077
85710
27958
69471
71554
66109
68298
32512
51097
86095
84389
20147
75017
33062
41096
38733
12020
50934
29550
91947
99653
45413
35883
59096
71669
40161
13742
71777
66472
80427
76771
3571
43696
70981
67392
20908
56839
72455
99257
79990
69660
29430
83187
87396
8743
63801
67418
44926
382
27054
46711
63165
11209
66053
27824
38602
37144
54389
78226
87596
62043
61338
39348
5283
80802
15821
2029
45136
37234
89713
30126
46459
60075
78106
3327
29596
81421
38024
49675
98994
99019
793
609
42829
94125
41771
19725
26057
35876
53696
70321
33040
7896
40597
44722
46733
92386
67573
68616
41092
46745
80683
55160
85319
6505
62427
32791
57443
45141
40634
66315
45183
52899
66707
42612
55594
16439
40080
74633
10484
12346
75429
83935
91701
67384
37599
12470
4429
18443
60040
24785
93904
81937
16162
37725
73269
19888
71418
37993
7505
78361
71829
80283
41274
15300
99872
42591
11068
37947
19502
28418
64085
49546
13425
10995
65735
35533
34855
90057
19823
45994
83585
51218
18384
72539
4358
87014
41841
4444
82253
96874
99244
32776
69718
90954
3745
55130
74730
30426
44610
21784
97945
76607
5774
34115
38208
4413
92166
67280
50964
14565
28478
82900
32763
80172
68286
95081
8810
5793
23862
80860
53973
46943
46355
32129
53921
65917
56081
12681
44673
39689
98394
88183
6201
45290
14916
95631
38873
12133
93621
5490
57106
16901
89586
71646
5800
25424
52536
26627
55575
93683
9466
20288
26438
80879
97740
9920
17827
50048
1172
8994
78861
95204
40057
64738
90829
29058
85746
50117
34863
9551
98671
70722
51411
37210
61958
56542
78202
84056
69171
36589
12944
5409
67702
67609
44564
26823
21645
49587
54503
47182
70589
34911
65447
73881
77603
23163
98321
56911
69815
26905
9532
81329
78911
51215
41884
403
2241
37109
15544
15490
12623
84316
44638
69125
5097
73434
52222
35643
22994
18987
64176
93953
66899
37222
26428
84
33662
52115
37710
8417
20406
5410
35310
24306
4095
90782
81223
14073
49276
24863
56378
31888
49526
71178
95249
14619
30344
14687
12783
27474
33010
16792
40887
75493
94945
10932
71420
1550
87996
12786
31447
75586
83719
83751
59806
99044
3140
47531
12271
52814
36419
2760
79900
2166
38493
4470
43222
16832
92032
40767
33576
31210
52654
49338
67919
80411
18368
54841
78964
22281
74132
484
85550
41591
77738
70709
7938
97254
33023
23011
14172
52690
15141
10900
61214
86942
5207
57914
17836
95129
51844
96814
94918
66011
50741
70384
669
56099
9269
17110
14176
81382
60571
81070
67948
62654
89749
22790
25386
74749
25895
92433
53545
21777
47979
68497
23197
85633
98413
6666
96639
36554
79327
93637
53764
30532
65457
80150
42699
9286
58185
54098
65860
76108
7448
60670
64791
66638
25794
56160
35888
87514
75564
38768
14062
59518
84062
89073
15717
86039
15865
64674
28189
84344
52942
49714
31676
31277
6083
26202
94237
98784
75112
55764
10047
18282
4775
56130
28274
70263
41502
7604
32441
59419
13776
49173
96460
21787
74366
29089
61094
20465
35269
55019
54175
39215
39451
26766
88729
18548
89385
92244
66360
97071
83478
78794
21625
75510
75960
26570
25627
4237
61502
64504
75295
47518
36340
39882
17261
73636
9221
21268
8928
28100
44478
63307
94293
15447
5219
86366
64581
85541
66857
63128
67089
50208
63854
39969
96801
25680
8737
40706
68363
59722
78824
57120
73741
68367
10619
4833
96834
34968
7084
19166
87231
67019
8892
78871
89950
84905
10608
992
38365
93732
92088
53209
20522
30786
60158
603
98913
75798
95937
74363
45774
97018
40510
81950
78445
43830
60666
89759
90762
39500
52431
44023
97823
43359
12199
20816
38140
4308
64534
33313
43440
42075
60299
29226
60322
23905
34181
35457
57236
3622
77268
76013
70867
95016
25756
97271
51585
25407
16572
2933
32047
58976
16699
64145
73927
11738
74221
67106
22011
85202
73734
34019
43037
4795
93691
1806
45842
84916
85215
41773
91731
28539
20058
80319
48916
53015
50366
4115
67342
24921
54068
77440
61914
45446
8516
7560
56304
81805
30829
88087
85782
28178
84973
2396
27358
49056
66743
57429
14567
63096
72282
27146
80347
46866
58518
26473
31021
85482
25253
96541
59864
13487
78508
5029
30386
46712
77453
54569
10087
27696
70414
81336
8918
99775
2678
31046
95404
24425
56299
75821
5053
88267
1437
33178
6716
56536
50867
73957
71402
47850
84812
24577
60251
14808
85564
73968
51381
34591
6433
89860
37969
6968
88718
32177
65778
20541
47982
59227
87661
69882
33297
65993
31792
7795
25693
74517
42948
21643
37533
40208
27847
14272
36146
24339
84010
16423
28652
10974
90733
15643
4303
4926
59137
70915
88784
12837
4769
81122
87017
63208
37920
91764
93415
56203
90316
41147
88541
5761
83071
55999
26200
60618
59675
2470
4720
56881
27984
8853
11683
48150
53965
95277
30854
21499
28873
22995
36537
81581
42292
55658
81355
2624
50745
15886
72168
65828
37625
61767
55052
87833
51434
79186
24372
74684
54192
3819
73991
71153
84111
35997
61622
37776
62841
61542
67087
79229
91768
58540
59585
89118
9270
4707
52033
34123
59099
51650
67593
22915
49528
2935
62836
96550
11568
64783
18683
97802
96015
54378
15672
23973
32937
74179
87566
25702
64496
56546
12067
14507
34820
29253
79664
25474
458
71400
83921
3003
12613
16203
54285
35641
35334
41165
97974
26852
80184
74623
54498
54988
41341
12563
52217
39483
8836
27262
81699
63255
29979
39072
72461
41891
89121
65801
67848
26611
23796
61993
59383
10973
42478
2956
59498
34980
14185
40704
2044
77729
53511
16244
23268
78175
32354
71132
11398
60085
34172
14091
25118
35439
95279
40221
27416
19211
79333
6496
1706
89034
16946
61356
93950
84177
93299
45223
36953
37786
29216
10365
14342
58093
47479
44576
93717
82485
3888
78844
23606
39564
5244
8882
512
34577
79013
37535
4828
46385
216
52333
3430
98023
60659
35591
98833
30677
8214
73930
43980
38538
3977
94117
5587
39747
82569
74436
72770
14337
30345
17115
77544
55606
60130
57596
95455
66623
9138
95930
65763
23636
4077
10810
79236
51127
21801
70977
29234
72528
82576
34331
77212
57646
45463
60053
67935
95842
53300
18839
71522
57916
62700
49774
11353
68721
25250
55997
93606
47602
16562
93278
14066
53780
56104
76190
7636
4972
65240
13512
17210
28082
33604
34982
85049
19728
29899
74162
71288
89376
58592
69707
15501
48680
30248
54178
29148
37270
64944
48447
21576
60762
64792
9515
67056
77736
83645
95723
36071
57691
44757
78389
92378
14951
58787
60117
27024
69024
55737
91506
84241
40211
81443
77996
61359
80157
99030
49023
95844
60479
32462
23309
25150
16277
14777
34894
74825
78614
87257
79238
88978
30444
79194
37685
95529
46468
25011
89287
88485
98203
92879
50709
96145
4022
64621
67383
57636
66808
69240
88009
3874
91674
23946
68
39061
21759
73884
22661
46916
33573
34319
2794
20299
29704
75818
8727
94735
65024
39990
60711
68878
55745
74293
19726
99825
45421
52981
36056
73141
44128
9972
42333
69161
67231
87595
13213
51449
63497
80326
90000
45709
92751
16564
69212
78574
77982
85796
96849
49916
38185
11725
35294
55925
46893
3881
59230
83825
81680
30832
92635
38664
69170
9601
17017
63011
57781
12725
13043
77633
57371
75423
83238
81008
20182
17855
89061
90744
52309
69394
97760
92872
3114
13004
77191
18307
44911
25986
45942
18313
94801
68735
32887
18037
34725
73194
78405
99414
66204
10368
63126
21497
705
1638
76489
73123
57309
51747
36770
39064
89295
2630
87797
16472
91297
83561
98151
44560
55063
83066
41350
80097
83541
19218
93761
70383
92823
25231
55344
83339
26477
92356
70980
50834
24061
21007
43561
92788
34494
33756
43408
28696
22858
35177
96852
59546
40577
69863
81330
53087
47605
30950
84256
29837
68686
66173
92103
67821
69010
12949
42421
15998
71897
75379
98918
8915
45217
144
58266
3149
80793
34514
3949
34776
2380
77151
11595
67742
34685
98710
37287
95386
86196
37942
49453
8832
72941
39432
26749
57118
90833
83525
20331
79957
99372
9543
45796
66975
20777
69037
88064
21367
12422
13088
86706
1512
5552
93181
61680
45930
45809
42243
3612
66692
57512
25686
85766
20384
4800
35769
53330
3336
83515
56059
47029
14502
10471
79919
18446
52067
54230
26464
58155
40544
53101
63197
43090
65845
91677
32722
67305
38005
34308
2995
85092
9017
49738
37204
84310
8274
26960
12562
12945
93044
71182
90313
93300
25839
43073
25161
41413
59275
10653
56080
36627
51906
61891
21237
75204
61775
79716
46890
53515
96388
21161
63027
99834
82925
31325
96574
41408
90960
1261
27241
10485
82295
79766
51482
59938
31274
10573
15153
21104
11589
29249
17726
94158
29640
22030
86674
55007
19854
92558
23806
47881
11764
76461
63645
40225
77385
2353
46423
15564
97142
31231
5637
7973
14727
80140
33198
15305
14304
94461
93594
18398
64181
39655
99140
22461
60443
60691
99262
92183
51414
87807
66059
54149
89038
14833
10274
83574
11768
76885
29521
49872
74454
62338
86290
56348
55577
14550
15984
15140
45583
40618
38232
71565
41650
84441
51363
55518
71904
31166
41073
36217
32822
96133
57655
83431
92507
31622
3042
39112
53534
10950
96207
54152
32668
31027
71444
87981
48343
99986
84958
21986
65798
15508
1728
135
34983
7493
35502
37655
43734
95027
38968
60721
60438
75726
2610
36297
90548
14521
79856
82741
45734
43388
62614
60902
43924
82058
13256
6408
54021
85243
96181
93407
91088
90528
85781
26217
57771
45540
84726
39088
87914
25817
91554
20515
74731
91978
38941
60089
6138
32087
16259
74758
80657
59149
1722
35431
17373
7167
96487
52308
1824
46240
23
78105
73310
17216
67854
38515
16196
2307
41726
26931
6063
62045
72484
72327
43644
64179
42501
32171
23226
83471
23649
69244
77775
32989
68596
79
47483
3043
25146
78539
48673
33944
19056
7985
93378
29117
14898
9502
22133
21705
61417
65750
6680
59736
65967
74161
34372
87076
73166
23405
35825
46777
10767
74339
83230
73838
29337
16575
38964
59695
30241
80439
26184
64851
16030
95553
67302
41547
62559
45083
50128
32121
77685
38953
8303
18830
41188
20503
61693
8019
32102
10363
32480
70037
41386
59476
30110
17475
16974
6112
62602
2616
85032
54217
58566
67292
68628
3485
15999
42602
12668
70238
83908
28513
16478
17147
76147
51955
73978
29381
17529
15310
13295
28282
89153
15583
8805
43316
73767
46523
63587
63473
65770
21466
84224
11507
60607
64393
17350
32123
9136
71552
10568
61639
48685
45685
40381
17368
95496
89486
49245
36231
20752
55729
68018
32912
79073
60116
27069
11329
90264
24
8073
42223
26275
43775
32718
26207
71550
70242
33680
4415
39765
96732
34089
45707
56090
71245
58492
15653
6548
41347
13587
206
26545
78592
53112
67105
82699
20392
33332
45278
31832
36261
36007
12406
7989
3537
79072
86745
48866
15474
98732
34614
47575
42923
19521
23310
50446
12386
12447
44568
50409
77133
25733
60850
10009
60059
95239
55559
23867
27725
45299
8254
44075
55494
55220
93397
1726
8763
9655
23001
31521
26214
63699
68579
73707
21922
97454
21511
54931
87725
91105
51990
72133
67268
35640
80809
58194
38624
21156
39452
60290
4531
39340
56768
32996
69029
28568
41787
71834
26229
79950
8848
26144
39089
24822
51006
47179
22350
87283
72796
99082
60582
31692
9801
44062
47941
94628
74943
49964
48822
44252
44679
8496
20665
63845
5136
53475
45675
1206
19598
78410
11585
16778
81216
28601
43117
66844
35109
36819
75569
74569
36089
12301
46785
35169
90061
48977
38034
43475
4401
43484
7694
82630
82839
38490
27979
27789
28283
72921
62324
74289
51442
23391
6801
97982
23005
59243
94070
17061
76702
28727
89605
48944
62866
72991
84135
74686
19020
64692
2190
26978
81244
64121
99446
63727
51691
73656
47917
14796
56288
50108
5128
45048
40231
67408
70872
12708
17984
21690
44540
96679
18765
94433
36600
85225
87178
25889
19069
54465
92740
94366
19716
40568
90504
54876
40864
75256
79615
63669
33061
56645
3331
38369
12384
72651
41707
95632
13042
40558
68223
38147
25695
44068
86772
48570
32793
37285
21077
17773
18745
37684
45632
60366
16887
86459
10241
31866
53244
83266
36381
68460
85362
56072
70959
8229
72809
29361
11506
97957
13
74303
6949
58196
95199
10869
64056
85883
26219
16471
99826
13660
39669
13551
27840
97795
34235
82169
10980
73437
56922
72667
27328
89012
9472
4634
47598
23387
47967
40998
4191
37721
2478
18363
72185
40252
98462
43022
25776
51512
18990
41139
46057
86513
24501
79765
80875
41335
11527
74863
2438
78546
38258
3024
31450
8941
83599
8689
96320
10806
26947
95171
96520
5060
85853
46797
15179
44994
75014
94135
61355
29478
36733
30992
43658
79479
99622
57994
79220
47919
17112
96716
77600
33059
78117
24878
48145
62415
44435
69470
86963
31565
39812
26610
13933
3600
26339
82880
76273
96023
79310
1349
30456
72429
6658
34570
23647
49194
29908
26914
21259
24496
27489
91469
22157
58161
6578
13366
55845
5438
91224
39411
410
19688
33066
12250
28585
2292
19630
78451
98534
66711
58490
74691
81965
60198
70712
68490
75068
73005
40538
58159
98185
22355
75590
73199
11270
72890
98794
88586
50820
50241
31114
60537
64367
47392
29838
34202
87631
88232
26784
80230
73986
87235
13495
12083
20774
2473
68326
68254
18271
21429
11057
26818
28414
6748
27385
38584
81494
5704
23473
30676
93530
73785
45744
83491
61588
84022
56336
26270
27807
74604
46821
56577
19991
43301
65370
88610
67639
16263
30772
68436
55104
7146
69252
97062
95102
45570
80750
49093
65799
71186
53533
22334
89517
81903
43116
16113
95807
49843
53657
77154
47207
28229
70541
66157
84450
18565
39307
90598
1672
14877
79519
99938
50499
90299
40372
57122
31292
66154
89348
73176
22243
34425
45334
25107
69369
49978
88814
49628
50036
50422
95327
12060
96696
20831
51907
52304
38136
14610
95202
53335
10245
35273
37119
63575
56573
78541
94970
57086
20099
20634
46831
99337
16547
67864
69400
1686
53185
17021
89832
3712
80987
42044
38291
63296
