1356
42
72
4
3
13
41
23
16
78
3
82
57
93
73
55
59
75
100
38
26
88
75
92
47
13
27
72
5
7
94
43
79
52
22
41
65
24
71
69
40
25
62
92
52
81
46
95
97
13
91
70
81
7
2
77
30
85
1
5
67
33
1
25
64
86
58
24
89
18
97
94
36
82
59
22
34
65
66
100
90
56
66
43
6
63
78
60
32
64
54
89
71
69
28
90
84
45
52
3
4
17
82
32
98
66
8
91
42
20
96
72
33
16
61
93
68
20
41
98
10
68
22
99
36
80
29
91
76
37
78
63
85
44
53
12
69
50
79
40
100
79
3
38
59
86
76
83
76
18
36
33
11
1
61
38
52
58
97
85
36
97
41
36
75
75
51
77
96
55
70
94
27
90
40
3
77
99
51
100
14
55
45
75
2
83
46
86
87
56
76
35
84
91
1
92
71
18
76
49
62
78
28
27
35
89
56
35
25
23
27
81
45
47
73
93
98
16
50
89
49
9
55
63
50
73
45
6
26
70
83
99
25
53
39
52
98
14
69
88
88
11
46
83
32
12
77
72
74
73
28
73
59
90
48
16
11
34
2
70
14
100
59
60
7
47
27
6
7
1
44
11
31
34
37
56
4
42
74
40
37
17
33
59
20
12
40
75
57
13
19
73
36
32
42
54
77
53
65
91
46
84
58
55
19
97
16
53
29
81
14
43
61
28
79
53
32
15
49
68
64
75
72
64
29
99
34
45
17
70
61
85
36
47
16
98
41
24
32
45
48
1
12
68
90
13
64
24
9
72
6
81
98
28
20
23
33
80
24
67
32
48
55
98
42
42
16
14
62
65
36
86
84
98
51
11
24
10
18
38
79
7
40
74
93
97
54
61
33
31
87
82
52
39
21
63
6
45
8
71
66
25
63
6
44
47
32
82
20
35
59
83
89
87
30
25
80
57
48
16
45
29
62
60
52
70
10
86
94
63
34
3
49
39
87
32
9
61
95
18
36
83
85
67
93
2
69
79
54
27
89
85
64
27
41
60
37
11
41
100
17
77
24
84
29
28
54
8
43
44
47
12
31
16
87
98
80
43
95
59
34
72
28
20
28
52
60
80
77
65
13
31
76
96
83
88
17
4
78
10
71
91
57
17
35
88
65
11
28
62
60
65
64
65
80
3
99
88
12
21
22
77
73
36
49
13
21
19
89
44
48
91
6
20
31
63
48
47
68
48
92
96
27
15
80
3
60
39
36
91
46
93
30
94
41
30
78
82
30
38
69
30
32
93
73
81
77
91
67
71
72
12
51
30
38
83
2
79
26
72
17
14
49
55
98
65
9
82
21
79
31
17
29
62
33
53
24
84
61
43
92
57
19
44
76
99
92
27
2
66
14
44
97
4
53
33
89
95
1
54
64
33
12
72
22
99
58
1
70
46
5
99
63
62
15
52
1
96
16
75
93
43
30
1
74
11
47
9
25
5
35
27
9
10
3
27
100
72
28
5
55
41
81
86
73
31
34
5
11
43
7
85
60
13
59
66
4
62
25
33
18
19
20
74
44
84
50
86
26
32
19
9
30
66
49
99
18
39
42
86
27
23
15
50
48
30
13
21
76
15
14
15
47
10
33
14
66
63
2
34
91
70
92
24
73
57
35
90
14
80
67
14
88
71
14
45
62
7
51
68
37
75
74
100
54
58
91
14
84
92
55
94
64
74
65
47
58
7
92
15
26
95
53
48
74
25
75
34
84
95
24
91
1
40
67
8
22
18
72
87
87
59
52
50
45
99
15
6
67
61
27
4
70
68
95
54
3
19
39
100
44
89
50
20
3
8
26
31
86
23
93
82
100
15
64
3
3
53
32
3
60
50
30
50
55
70
81
17
100
80
87
70
6
35
94
24
96
8
33
9
58
58
54
41
81
25
44
78
10
99
38
17
35
95
86
50
65
87
59
81
7
57
81
25
90
86
62
21
68
63
34
55
39
92
19
11
47
6
80
76
56
18
46
39
78
4
94
96
30
32
17
91
37
51
90
87
56
66
60
66
22
46
67
31
42
62
90
61
1
18
15
34
40
63
71
21
8
49
43
34
100
85
22
94
47
18
30
60
95
99
26
96
8
43
33
55
74
56
51
92
12
22
78
79
49
88
21
9
90
57
70
8
20
15
93
69
71
93
59
73
37
22
23
19
56
95
97
94
95
50
13
26
71
51
11
88
77
38
71
57
78
19
80
41
38
23
29
68
76
96
31
18
83
23
49
96
55
56
84
58
6
93
96
35
83
56
51
23
46
86
96
75
63
69
29
65
46
86
7
95
44
32
78
21
69
68
72
88
8
44
44
98
80
9
75
79
90
49
98
19
67
15
11
38
63
88
10
30
71
88
41
4
93
51
43
82
23
26
42
96
52
62
21
24
35
73
85
43
77
79
81
79
40
17
74
99
69
5
37
1
12
78
61
99
5
26
76
14
100
47
78
29
31
49
82
2
83
48
97
10
19
13
75
40
85
65
8
74
6
80
5
36
17
87
5
66
41
68
62
38
50
40
5
2
29
39
48
7
54
22
63
29
64
7
46
73
38
53
45
2
64
94
58
89
6
21
42
25
2
46
84
25
53
49
45
46
22
10
95
79
97
51
28
67
76
98
77
82
78
38
26
74
6
88
53
37
86
66
84
11
82
11
54
35
56
60
76
97
17
5
56
59
21
2
57
22
46
10
8
41
36
83
26
67
51
37
90
69
28
92
100
75
22
21
52
5
23
18
83
51
81
10
66
94
68
60
69
33
50
9
8
77
28
87
77
18
69
25
89
67
23
74
61
45
58
40
9
94
89
5
57
79
34
4
8
38
29
15
88
92
70
58
65
37
9
89
61
29
57
85
61
67
4
31
45
7
44
35
83
29
2
56
21
97
12
39
36
9
57
66
42
97
71
15
39
26
13
64
74
13
94
97
81
39
55
85
50
4
43
19
37
20
84
61
69
40
42
82
16
23
85
2
53
35
12
42
19
47
39
20
89
51
58
58
87
12
87
4
80
52
1
98
52
90
34
43
72
20
60
4
23
64
84
70
73
90
54
