2530
369
525
617
148
740
218
145
905
297
237
473
717
413
325
964
861
73
235
709
744
116
615
305
162
139
731
682
33
291
673
177
157
137
288
468
150
615
249
307
994
940
14
584
899
17
77
203
862
551
302
384
591
493
551
644
743
476
802
307
283
3
19
919
792
357
912
846
27
360
827
257
190
615
643
604
581
233
75
696
704
978
793
587
508
195
684
713
873
862
592
307
336
24
418
481
750
104
262
561
920
662
573
541
181
714
635
662
144
504
754
429
698
174
548
301
891
404
787
905
119
891
233
151
937
386
685
556
609
573
674
27
925
1000
190
787
119
174
853
208
113
201
310
78
952
986
478
209
194
852
572
88
39
266
707
800
765
8
960
967
69
751
496
560
821
370
443
441
471
695
961
398
230
709
985
90
199
622
698
987
371
103
931
843
23
897
158
747
378
67
917
675
882
477
565
946
781
608
313
918
933
660
546
205
534
532
142
652
772
10
707
919
907
948
602
741
721
411
352
824
727
1
492
737
789
679
951
841
392
850
167
141
368
711
889
350
451
775
715
712
864
214
405
233
984
866
672
186
962
721
469
959
397
829
162
44
219
127
291
843
477
725
474
406
758
354
275
798
100
193
577
202
39
723
416
247
899
920
421
383
848
511
204
585
697
236
719
988
513
351
578
265
520
26
955
211
129
101
901
986
705
510
543
924
921
976
345
704
495
103
132
689
520
447
433
490
486
953
184
720
58
518
70
494
268
798
265
215
933
273
658
817
537
63
951
198
49
847
5
320
18
745
261
575
97
773
338
761
595
463
165
511
778
923
322
738
350
632
699
251
776
166
256
530
586
810
981
522
90
546
92
456
710
212
911
752
589
398
759
728
767
281
89
102
887
266
833
148
435
742
85
179
334
898
99
500
716
868
192
134
557
665
445
663
610
125
472
787
538
618
220
717
918
382
181
367
814
298
651
740
334
494
470
15
740
542
460
6
475
321
333
990
987
433
783
375
355
999
321
193
561
34
583
84
1
716
865
296
608
860
341
871
329
425
117
755
864
126
116
292
867
571
985
35
217
374
2
26
237
759
386
526
323
750
833
565
155
748
62
480
748
782
802
223
603
20
619
114
156
84
712
629
523
162
677
213
237
819
421
100
394
916
816
155
950
342
998
212
347
158
149
789
854
995
580
173
121
595
610
824
109
380
484
431
697
171
794
876
130
627
769
22
979
213
253
896
557
428
535
642
796
60
633
945
195
125
813
235
172
277
32
742
574
853
837
779
783
623
663
804
751
665
558
294
140
298
886
154
130
524
544
332
619
593
153
815
985
68
485
36
112
178
282
431
476
190
132
134
809
653
54
35
540
328
596
691
867
973
645
43
82
325
715
809
49
861
308
12
357
320
855
497
286
814
973
929
935
169
639
23
797
272
288
794
777
748
879
882
784
909
995
625
806
866
218
147
119
89
780
347
617
475
413
402
384
530
925
543
700
384
574
370
448
879
950
614
428
191
457
311
719
424
537
694
590
199
681
688
423
692
313
967
870
19
601
418
276
701
304
226
395
176
279
755
939
764
928
573
614
574
676
194
332
776
708
774
263
558
598
488
570
489
455
840
641
688
314
770
56
736
631
998
254
685
709
34
289
503
248
803
204
952
959
607
79
804
907
143
17
789
649
564
672
401
267
539
263
518
586
268
335
718
583
382
245
569
470
577
775
514
412
958
826
259
830
343
286
936
443
885
878
609
182
576
202
643
661
779
357
852
217
594
642
296
898
508
475
482
684
192
479
491
426
318
279
961
289
189
427
499
677
710
200
366
466
287
901
559
764
50
697
209
350
546
405
623
467
617
678
851
116
405
203
926
528
102
202
42
267
699
872
832
427
469
347
612
445
9
329
871
567
249
65
240
728
243
34
955
700
224
366
648
849
327
535
784
592
244
806
715
223
450
835
128
470
167
831
571
838
856
926
550
278
849
876
69
243
857
25
31
631
900
270
756
578
197
713
822
4
97
997
66
129
575
189
51
892
415
908
327
808
678
813
553
534
556
185
294
186
485
176
542
72
248
441
686
293
660
459
755
770
279
742
805
914
750
813
916
235
767
417
467
458
54
890
88
194
647
412
977
905
931
152
881
785
792
898
404
166
107
142
634
420
869
509
245
442
78
234
857
838
518
163
419
297
897
324
610
480
138
523
42
351
484
703
860
501
828
21
339
933
303
141
654
786
74
916
753
453
344
999
575
605
115
969
611
656
171
949
896
444
528
454
13
261
687
329
297
549
831
894
331
56
451
948
371
143
818
884
417
942
891
984
662
784
399
276
487
779
152
611
760
112
108
207
126
555
995
353
587
950
976
912
21
290
720
616
721
496
781
858
796
13
37
804
214
41
803
406
659
746
399
285
449
390
922
894
603
897
977
521
737
74
834
530
83
915
621
210
221
524
345
453
161
745
507
318
32
149
385
391
315
572
608
198
300
236
655
598
359
624
476
548
930
121
826
163
48
306
537
975
792
221
222
130
452
799
127
527
668
593
215
611
646
640
226
878
744
437
861
488
526
157
528
409
895
506
182
408
739
14
549
567
368
577
726
317
972
160
508
348
769
17
934
874
145
395
38
154
303
659
108
35
285
831
955
24
923
627
151
39
169
540
156
665
947
382
377
818
874
819
137
360
415
441
989
805
50
59
73
883
949
52
255
627
76
589
669
393
223
533
851
276
874
497
306
806
983
376
848
514
196
388
403
849
430
696
25
539
541
310
758
457
123
295
8
935
634
904
361
75
521
229
493
706
850
166
723
396
977
252
183
335
811
854
284
496
913
91
593
387
885
301
83
998
80
718
559
370
73
479
331
875
316
355
356
98
487
968
216
817
691
630
668
833
974
229
41
622
585
869
886
260
38
301
917
544
12
66
951
562
418
328
973
823
463
607
702
349
7
925
124
343
216
337
85
797
915
437
582
585
899
895
732
603
178
372
177
652
793
834
220
649
843
105
240
716
291
381
304
994
105
128
858
581
371
536
689
27
497
181
326
529
282
423
645
446
892
705
30
191
903
453
380
31
802
25
545
822
800
675
61
204
963
3
964
391
669
224
965
760
499
315
466
159
830
154
98
807
816
61
645
67
400
914
150
505
290
103
474
606
732
883
432
554
512
989
250
82
311
32
629
790
863
354
62
773
683
924
900
752
763
330
982
156
579
846
823
531
636
799
906
550
538
254
438
138
613
231
862
601
563
564
219
736
522
333
868
2
756
625
95
261
970
772
122
40
55
646
857
551
820
115
600
10
711
712
768
362
701
465
588
893
447
949
749
210
600
111
708
455
278
346
757
299
337
821
493
668
324
96
996
883
765
826
133
456
259
2
28
506
500
639
221
396
690
791
817
339
827
406
822
228
903
584
439
754
710
109
209
216
38
579
988
458
816
201
152
620
943
714
183
176
450
757
225
226
324
483
460
957
272
399
390
790
224
451
269
516
819
607
80
402
572
836
151
444
284
271
991
336
701
913
808
786
342
319
429
410
768
268
101
840
536
983
225
576
889
963
81
461
107
229
655
517
598
550
446
340
232
430
873
252
648
844
896
918
651
702
533
170
635
133
486
29
678
338
59
26
656
559
188
902
510
67
464
487
377
820
120
280
583
738
988
317
432
659
554
495
483
502
680
9
795
529
693
926
582
135
45
565
377
576
600
913
798
875
199
730
527
602
459
677
178
567
398
248
431
946
480
388
187
609
884
20
277
992
64
373
774
179
434
604
790
484
568
64
246
36
738
187
531
829
432
284
543
149
845
498
407
619
136
939
319
739
624
835
375
197
94
937
213
653
52
136
439
249
433
91
136
763
30
947
16
811
908
661
210
847
733
852
124
747
694
122
869
700
449
545
390
845
419
929
935
244
320
517
938
964
734
901
14
264
120
562
923
23
245
727
839
417
670
196
757
60
159
649
403
49
336
766
87
161
965
580
147
57
83
305
584
638
987
882
664
599
373
169
369
58
753
848
686
667
452
856
71
671
163
98
195
397
519
904
783
624
830
472
616
945
735
502
597
637
893
168
387
936
490
505
468
944
239
689
43
694
490
669
400
512
989
770
477
146
314
111
239
505
478
911
661
681
681
188
135
331
87
164
630
29
364
118
911
356
868
613
673
591
436
772
95
605
922
435
957
446
378
1000
356
258
961
570
838
594
469
355
155
633
890
234
114
443
566
78
968
614
108
457
11
970
97
870
337
89
809
974
450
367
243
298
844
203
958
734
294
764
724
954
174
189
218
354
360
44
70
788
948
445
597
996
37
919
274
253
120
971
795
773
179
667
387
974
483
954
871
376
777
278
88
780
74
975
87
786
99
339
309
928
312
778
250
788
422
82
270
379
557
900
146
68
956
553
932
77
144
379
415
53
650
264
632
885
829
461
683
7
437
931
425
353
407
448
232
578
945
741
59
791
588
632
589
532
658
628
81
253
251
656
754
167
824
644
562
227
517
404
622
393
60
666
894
464
95
566
541
133
170
845
560
498
652
788
419
281
442
547
139
256
72
631
932
596
293
492
414
836
322
16
281
858
753
147
563
440
420
842
590
345
486
430
921
978
881
46
461
629
705
6
979
363
118
427
412
494
363
714
414
93
440
348
22
580
729
762
86
186
625
692
184
200
859
397
558
6
414
873
236
976
458
310
220
620
16
222
37
859
688
944
640
173
956
467
906
386
762
886
71
269
519
854
606
54
524
293
92
735
36
18
746
93
247
767
280
367
693
534
975
538
134
569
153
11
491
416
358
185
827
52
879
47
703
765
938
906
316
267
416
351
359
228
601
362
887
992
771
637
766
327
56
751
188
778
394
464
242
881
962
259
290
525
971
735
628
564
228
914
394
230
148
277
110
353
322
160
485
959
910
160
596
566
340
459
810
211
651
880
910
285
257
275
717
670
938
422
383
471
965
907
10
613
314
362
1000
452
725
747
299
118
411
309
841
828
63
184
302
117
554
872
99
312
239
796
928
81
429
909
33
807
519
958
690
363
509
241
587
997
561
684
440
423
106
724
865
346
654
762
270
647
996
837
660
855
726
548
915
323
612
300
930
40
206
708
991
395
888
438
247
340
604
57
516
866
812
825
692
358
547
902
758
393
211
388
379
21
374
723
650
439
304
200
630
246
808
506
269
495
426
132
317
794
142
966
283
44
599
775
282
471
79
84
102
251
917
212
842
129
639
325
114
939
308
972
91
368
389
263
391
137
77
686
785
489
756
191
20
187
581
594
586
140
58
864
333
556
966
953
144
48
185
479
472
31
96
173
131
595
271
55
644
763
992
68
912
909
734
944
986
730
372
884
335
150
682
274
980
256
850
855
664
215
171
503
812
491
482
957
811
954
403
312
821
274
727
93
711
361
121
462
743
839
552
895
674
141
373
846
698
473
401
774
192
801
110
252
696
687
671
385
448
842
207
69
851
225
308
706
761
532
856
57
342
313
667
8
257
731
693
590
810
946
521
500
11
230
695
626
19
455
999
793
666
180
123
510
728
637
922
158
408
706
969
326
241
695
424
994
672
540
231
771
892
488
5
839
365
50
719
28
72
570
153
910
641
785
982
927
365
818
165
456
664
943
568
113
533
180
260
650
634
889
801
547
465
410
544
552
509
832
825
777
880
86
101
389
549
434
104
991
283
289
588
618
877
318
468
321
859
968
244
903
691
76
124
1
287
878
888
640
5
663
536
254
941
165
175
306
729
936
940
33
460
606
