2819
771
421
915
77
711
39
732
554
504
567
904
130
845
539
419
142
289
804
862
447
227
776
834
851
242
820
836
328
410
61
581
943
965
730
496
31
503
565
649
589
253
684
75
926
930
653
901
467
920
802
272
635
985
257
245
964
265
579
49
101
719
999
786
563
534
391
785
384
400
98
581
862
966
688
994
756
342
583
68
628
724
114
132
191
126
844
810
992
78
106
929
184
75
230
48
95
124
184
28
791
114
302
358
665
304
44
770
330
971
497
502
352
754
172
479
748
143
41
178
53
650
877
342
682
92
463
459
833
956
325
52
229
609
631
640
65
675
712
87
887
865
113
561
549
363
244
343
66
145
796
270
588
948
873
676
955
995
907
509
965
679
806
434
321
97
406
886
359
573
787
148
704
950
505
857
810
140
460
163
28
982
223
674
120
520
148
153
970
781
955
303
298
583
924
240
266
998
164
205
246
637
60
446
684
128
511
152
903
434
696
847
595
720
247
637
356
348
938
885
383
252
175
918
476
299
733
895
89
309
740
369
747
356
56
950
855
567
172
863
502
538
364
326
604
846
748
599
530
611
458
866
585
368
897
688
109
615
636
751
882
673
906
355
30
826
380
496
456
610
9
659
376
85
193
379
394
800
117
989
744
935
455
704
156
275
815
705
516
381
230
476
51
931
218
741
767
145
797
752
390
96
941
63
851
3
32
651
441
179
701
612
384
706
927
557
919
166
415
444
432
206
214
878
584
72
363
334
916
299
54
673
23
647
163
406
682
38
252
29
341
932
956
569
759
419
456
68
759
356
157
388
236
139
873
947
557
764
445
278
971
965
389
102
843
968
985
987
545
634
586
84
322
545
502
212
292
973
408
190
914
494
447
791
199
3
12
351
547
994
868
813
91
514
251
780
697
503
88
749
996
656
595
59
691
944
168
512
782
542
687
333
643
879
403
750
105
125
544
778
666
111
659
978
211
298
55
751
685
387
125
555
123
815
105
412
585
729
756
524
770
388
283
236
236
728
262
902
254
337
951
743
199
342
472
940
360
277
249
165
473
573
392
316
866
901
559
211
71
104
731
271
133
671
805
334
320
176
238
821
35
234
325
607
16
390
507
624
878
794
520
444
186
37
557
99
531
121
251
29
361
319
412
648
600
149
337
946
655
57
241
390
515
288
548
835
176
573
946
962
522
713
510
524
208
134
100
809
191
173
466
27
63
349
436
668
871
260
4
407
925
57
24
978
631
482
330
289
58
93
240
828
795
537
492
21
941
449
535
727
31
755
87
260
30
602
963
632
860
464
939
696
588
242
843
150
164
849
534
757
196
438
453
400
870
702
747
987
940
759
953
683
273
983
714
663
981
753
697
103
825
243
185
461
519
979
568
377
632
959
515
295
64
779
550
267
908
596
722
67
399
977
747
690
402
108
62
923
620
775
141
150
620
368
736
572
721
818
587
410
87
304
829
892
743
693
915
278
492
517
115
482
194
488
776
977
164
228
716
923
331
968
416
411
841
131
189
957
507
969
255
167
292
303
485
864
159
700
848
673
615
871
871
967
307
817
883
792
694
742
750
158
435
146
287
259
786
234
48
490
755
969
777
903
434
126
297
52
824
976
647
896
361
594
837
684
63
722
525
620
854
12
582
371
233
618
122
884
336
850
626
14
904
916
846
414
865
385
186
397
569
180
517
873
531
622
604
62
140
657
477
670
269
170
894
733
408
527
541
745
914
614
449
362
681
15
23
487
798
845
661
927
11
120
700
461
225
504
47
879
181
484
398
593
384
951
89
313
800
949
149
377
465
518
765
776
317
129
206
793
519
36
498
138
323
596
277
402
882
291
109
371
481
549
38
313
305
307
541
491
790
649
469
462
621
685
577
176
560
699
935
763
354
548
49
562
726
801
833
995
963
453
306
329
39
197
398
895
465
61
858
687
591
706
283
7
129
69
263
181
336
332
685
273
698
658
423
643
216
504
204
147
104
997
429
664
156
48
634
690
920
521
576
991
84
500
350
124
919
451
807
999
304
320
883
966
364
667
350
614
446
814
448
382
836
244
766
444
36
783
414
596
915
958
151
612
792
561
822
642
147
228
939
94
604
346
225
412
629
608
222
849
321
295
513
346
767
144
938
939
161
129
383
11
712
267
443
514
170
454
506
496
540
291
8
853
378
463
659
713
887
411
468
79
360
648
900
160
322
912
796
694
1
217
276
546
630
641
630
221
308
532
934
472
249
680
13
668
53
339
189
83
92
183
67
368
859
360
317
67
846
605
82
332
784
111
353
212
445
508
370
483
452
284
494
239
874
963
42
500
505
553
880
192
601
446
698
105
601
242
324
130
143
70
761
857
141
993
538
118
354
964
215
917
13
544
778
817
930
82
385
258
306
621
194
677
924
405
153
265
448
742
281
389
973
420
892
455
769
469
639
838
213
361
788
758
672
428
45
723
182
308
644
884
633
602
971
32
375
934
549
493
763
18
282
647
405
191
926
746
24
73
537
35
352
677
964
957
670
4
102
806
896
429
86
42
312
99
814
467
114
55
617
270
274
53
727
318
750
11
22
100
960
728
700
441
718
432
44
772
598
599
906
264
642
709
576
168
274
671
300
389
720
136
324
381
125
881
526
872
908
491
482
680
935
256
701
430
905
523
305
119
744
823
624
437
195
364
809
664
789
80
785
663
886
869
23
240
638
217
577
130
152
396
46
298
840
294
417
403
676
823
654
426
210
264
508
397
898
124
407
477
917
315
990
243
250
556
825
66
521
464
413
822
121
660
984
314
910
773
925
665
365
972
570
144
703
271
174
244
177
220
800
798
151
266
803
163
185
740
138
133
651
16
718
410
520
834
116
398
232
198
799
841
943
291
140
518
726
209
992
220
224
407
475
820
933
267
517
581
775
167
982
97
901
912
656
492
811
142
343
560
769
974
774
115
373
151
762
824
327
59
316
869
72
553
571
319
19
519
834
155
47
347
568
831
547
68
372
995
258
752
219
131
317
484
522
352
707
772
387
881
825
156
192
89
914
523
8
786
837
347
976
511
20
239
928
447
487
281
629
95
374
254
546
139
847
203
417
766
86
836
850
484
15
529
135
261
47
983
226
436
233
864
131
480
968
169
474
570
928
365
998
486
472
108
27
514
683
677
439
933
470
272
418
779
900
319
613
216
355
970
90
775
528
796
760
166
558
746
894
868
793
701
716
830
282
498
904
771
249
621
279
603
137
30
65
821
839
438
715
953
782
546
829
921
903
443
293
330
867
204
972
404
493
475
649
369
90
652
773
953
15
726
400
119
584
698
890
435
768
713
276
110
657
229
19
530
56
64
832
443
406
851
707
402
629
366
937
293
897
359
32
137
562
757
727
311
279
442
81
754
856
194
224
418
584
522
688
538
580
440
735
864
285
687
815
126
781
55
686
746
811
311
51
737
876
428
970
75
661
135
671
380
575
428
842
22
978
812
284
574
730
617
378
717
137
40
115
983
259
420
582
230
162
372
367
962
268
831
837
27
253
710
60
844
958
421
266
694
473
353
791
9
559
417
839
608
654
327
219
674
226
149
501
237
173
838
500
435
675
536
648
599
90
127
817
593
877
351
885
625
462
641
556
62
207
739
669
990
711
563
858
887
22
816
819
155
315
449
633
833
306
592
192
187
594
506
731
79
36
65
938
202
333
554
695
29
82
425
639
60
636
767
732
653
689
955
633
386
867
58
758
146
483
630
51
785
843
563
653
920
665
215
558
847
506
618
349
436
438
475
738
188
299
695
697
128
243
652
975
292
523
932
365
725
986
403
426
453
313
466
527
367
854
733
46
666
76
918
50
440
761
263
201
5
302
525
824
737
742
13
211
188
493
335
588
952
762
253
280
269
575
391
605
310
885
749
977
455
743
495
50
748
779
960
721
740
499
471
20
416
766
499
201
760
1000
961
975
686
72
768
6
501
250
745
101
480
476
531
898
859
619
540
171
558
430
552
669
566
856
911
603
320
190
451
850
461
589
229
890
491
270
40
132
301
462
714
790
431
318
693
555
813
729
975
43
624
891
198
102
348
393
679
803
802
321
326
545
456
934
177
655
911
772
784
39
393
875
729
108
998
278
541
255
510
774
942
237
703
485
227
405
788
715
395
323
488
980
202
578
567
602
494
564
857
329
271
922
213
2
139
667
526
246
897
113
296
441
166
802
821
536
512
961
490
425
644
882
526
376
318
678
396
93
844
883
755
337
580
840
324
77
539
104
559
527
872
40
942
988
509
294
200
949
7
622
660
600
556
804
2
490
370
880
88
984
737
518
542
610
643
877
189
196
948
679
888
928
674
107
781
623
635
753
265
891
598
992
182
4
725
357
459
100
495
225
838
738
110
625
805
636
268
905
430
21
422
769
705
702
902
161
632
507
224
937
235
96
745
117
303
735
150
345
586
792
797
285
246
891
254
367
907
97
54
874
937
529
547
543
477
341
561
103
231
874
18
574
146
222
704
831
228
530
770
829
294
81
664
645
394
525
238
703
336
705
936
765
5
611
346
425
247
286
98
193
478
683
565
533
795
626
763
66
736
288
619
117
343
651
74
347
339
49
116
302
752
626
344
797
515
641
889
613
165
404
859
721
64
235
513
180
377
464
391
261
896
206
533
505
959
590
328
154
681
157
310
794
590
644
273
326
159
141
753
536
710
736
993
872
856
17
803
212
564
823
216
532
623
263
411
805
818
378
413
256
730
277
355
45
195
379
597
489
560
709
967
345
562
73
161
160
122
735
784
495
466
354
689
521
513
209
413
807
372
439
554
394
867
6
587
54
708
279
84
311
431
865
863
830
758
654
612
499
210
255
587
489
197
528
154
658
778
900
893
41
261
481
474
231
952
611
692
635
945
571
332
344
175
371
989
25
906
34
780
533
715
734
972
919
200
827
575
79
828
879
85
991
437
655
251
600
457
451
693
717
359
135
996
258
33
931
534
503
95
931
619
760
590
709
1000
433
741
511
325
852
625
112
808
381
424
994
794
182
710
418
501
650
310
789
548
308
399
542
614
826
967
842
848
358
725
662
916
388
24
607
290
327
43
609
439
565
923
593
35
960
586
902
936
221
597
88
121
454
159
912
754
363
70
980
577
419
618
595
961
219
123
909
8
905
369
353
204
31
262
868
691
432
465
128
512
234
876
379
132
552
954
832
719
386
731
723
170
910
427
812
280
409
111
445
782
991
290
83
810
165
331
749
508
268
21
849
423
207
908
799
657
861
252
33
247
5
535
566
696
81
366
662
918
201
930
198
257
842
855
218
707
692
457
275
173
160
349
14
469
607
894
339
98
12
83
986
138
773
911
123
37
162
634
80
69
764
628
300
835
670
954
116
777
103
681
433
34
109
358
25
26
179
448
1
529
301
184
579
345
450
814
485
722
974
943
858
606
845
404
708
708
592
186
958
574
676
987
783
416
661
483
801
376
744
237
790
795
10
591
875
585
907
427
152
509
420
297
819
171
177
695
498
6
452
981
973
474
2
248
540
145
26
282
415
158
578
892
637
949
658
603
136
208
942
238
429
552
217
133
10
840
172
86
997
316
113
728
944
450
395
144
895
924
787
414
392
155
551
913
616
42
516
734
660
878
70
853
929
174
666
178
807
948
227
209
223
646
260
112
187
982
543
300
801
999
290
889
976
690
99
78
627
3
46
717
38
893
382
898
340
375
335
852
357
811
362
71
551
702
423
809
808
334
392
374
307
458
171
167
764
616
197
286
110
876
213
732
331
442
424
350
553
450
10
276
751
594
489
738
989
1
215
181
578
889
241
409
678
622
945
18
609
543
816
793
205
202
69
720
239
309
497
16
57
312
774
969
301
888
94
296
433
195
257
819
940
640
875
127
269
259
471
866
886
981
848
962
680
396
26
312
382
861
340
274
672
639
617
214
134
880
768
922
852
226
74
232
297
45
988
592
322
663
528
922
207
486
783
550
221
73
952
723
642
990
606
826
765
333
348
830
608
357
77
799
205
421
397
656
262
463
440
199
979
143
118
41
951
264
985
979
761
945
564
699
478
93
203
828
757
921
569
208
107
488
293
76
362
929
458
947
712
288
537
127
566
917
142
613
92
706
946
17
980
468
884
997
366
223
550
798
881
780
724
568
33
667
890
287
200
386
487
383
401
328
479
739
442
248
678
591
645
756
682
827
119
638
74
106
287
716
486
373
544
250
627
78
7
762
408
623
454
17
374
34
101
853
19
91
281
480
788
854
196
652
947
284
61
157
724
20
235
341
222
296
373
841
285
154
393
183
909
996
76
909
739
597
532
9
185
954
473
966
913
576
409
583
669
888
158
539
662
256
280
640
579
248
822
314
921
627
427
470
460
233
869
628
646
570
80
863
927
203
