1350
99935
99964
99950
99966
99957
99995
99941
99992
99951
99979
99998
99956
99911
99994
99954
99926
99972
99936
99953
99915
99950
99959
99940
99915
99962
99969
99988
99997
99950
99917
99998
99942
99959
99972
99993
99999
99904
99946
99971
99927
99933
99980
99960
99948
99944
99908
99992
99922
99916
99955
99922
99905
99963
99938
99996
99999
99952
99917
99949
99902
99900
99911
99921
99939
99904
99932
99961
99951
99940
99950
99945
99958
99927
99909
99926
99929
99958
99939
99981
99902
99965
99964
99912
99986
99976
99927
99954
99925
99952
99968
99935
99947
99911
99967
99977
99918
99932
99937
100000
99920
99937
99906
99949
99988
99928
99916
99991
99900
99984
99963
99987
99924
99977
99978
99948
99984
99934
99944
99940
99995
99911
99965
99994
99998
99903
99945
99993
99934
99928
99940
99946
100000
99929
99972
99962
99929
99961
99991
99960
99944
99910
99918
99980
99979
99928
99917
99940
99984
99987
99926
99990
99965
99978
99978
99986
99991
99923
99995
99921
99916
99964
99958
99961
99916
99912
99969
99970
99941
99997
99982
99908
99913
99961
99941
99980
99910
99914
99988
99965
99928
99910
99914
99903
99956
99952
99962
99913
99910
99939
99982
99937
99968
99908
99909
99917
99911
99901
99981
99924
99961
99959
99941
99973
99952
99951
99967
99954
99973
99942
99907
99962
99947
99999
99989
99938
99957
99941
99981
99964
99968
99944
99901
99912
99974
99963
99974
99953
99991
99927
99985
99922
99980
99998
99921
99991
99935
99998
99943
100000
99934
99913
100000
99905
99967
99952
99936
99996
99969
99991
99986
99940
99920
99910
99906
99916
99914
99909
99916
99939
99939
99999
99930
99919
99901
99980
99990
99913
99949
99912
99929
99911
99937
99992
99935
99962
99913
99954
99944
99940
99901
99913
99915
99911
99910
99988
99907
99985
99988
99979
99922
99918
99960
99952
99947
99903
99967
99942
99980
99911
99922
99916
99983
99906
100000
99903
99949
99931
99968
99947
99902
99980
99952
99922
99920
99969
99900
99927
99923
99971
99977
99912
99969
99909
99925
99985
99966
99983
99930
99936
99999
99937
99946
99900
99991
99966
99918
99943
99932
99949
99976
99939
99947
99974
99951
99992
99980
99925
99912
99975
99906
99993
99925
99955
99988
99977
99983
99971
99967
99956
99979
99964
99924
99914
99973
99965
99976
99975
99953
99901
99907
99989
99902
99901
99957
99901
99995
99966
99923
99904
99927
99933
99955
99972
99926
99967
99971
99935
99998
99988
99912
99957
99989
99930
99963
99920
99968
99920
99948
99921
99997
99945
99944
100000
99958
99958
99906
99938
99971
99920
99959
99940
99965
100000
99901
99944
99918
99929
99914
99978
99917
99905
99930
99950
99975
99918
99932
99928
99919
99913
99981
99934
99941
99901
99907
99940
99949
99932
99980
99916
99973
99937
99973
99979
99903
99910
99993
99951
99900
99941
99966
99954
99966
99972
99970
99942
99937
99986
99992
99994
99997
99960
99959
99923
99946
99900
99975
99913
99923
99999
99935
99985
99924
99942
99955
99980
99987
99932
99946
99952
99958
99913
99989
99965
99993
99973
99990
99978
99959
99920
99960
99940
99945
99924
99918
99966
99930
99930
99912
99961
99932
99902
99938
99960
99939
99942
99981
99974
99948
99964
99963
99937
99992
99937
99915
99972
99944
99922
99936
99912
99921
99922
99903
99912
99938
99920
99922
99925
99907
99947
99963
99901
99993
99974
99971
99969
99950
99958
99978
99955
99947
99915
99926
99977
99919
99935
99944
99928
99916
99989
99950
99959
99962
99985
99938
99908
99962
99920
99998
99970
99972
99963
99933
99985
99956
99949
99986
99952
99972
99970
99908
99926
99996
99962
99914
99999
99957
99984
99973
99924
99995
99968
99974
99961
99929
99925
99914
99975
99957
99906
99928
99957
99923
99979
99942
99974
99943
99922
99949
99995
99952
99924
99980
99933
99936
99906
99935
99981
99995
99930
99979
99912
99905
99905
99976
99986
99910
99993
99928
99964
99988
99945
99904
99924
99958
99951
99943
99998
99943
99969
99963
99911
99976
99908
99941
99975
99973
99910
99947
99945
99905
99993
99923
99921
99958
99955
99933
99994
99911
99935
99917
99910
99973
99909
99920
99977
99995
99993
99954
99953
99971
99912
99919
99949
99930
99972
99946
99915
99914
99988
99903
99918
99963
99945
99935
99993
99987
99908
99938
99911
99930
99978
99957
99909
99926
99965
99909
99908
99907
99936
99934
99974
99944
99917
99965
99989
99960
99993
99909
99919
99979
99915
99969
99997
99967
99997
99902
99908
99970
99929
99959
99949
99955
99909
99938
99986
99962
99950
99958
99936
99936
99927
99982
99951
99947
99902
100000
99987
99953
99917
100000
99969
99953
99986
99964
99926
99925
99929
99913
99947
99931
99990
99913
99987
99902
99975
99990
99913
99914
99937
99986
99910
99994
99948
99989
99992
99956
99941
99921
99913
99994
99990
99995
99921
99946
99947
99903
99970
99903
99977
99999
99975
99967
99953
99947
99999
99966
99954
99935
99950
99990
99963
99979
99902
99909
99921
99945
99925
99948
99941
99953
99977
99959
99933
99927
99983
99973
99915
99943
99926
99909
99998
99927
99966
99953
99938
99941
99993
99948
99935
99998
99959
99999
99931
99945
99983
99975
99910
99907
99963
99933
99979
99972
99934
99970
99978
99931
99982
99982
99976
99933
99927
99904
99946
99904
99937
99931
99926
99904
99982
99980
99915
99990
99976
99905
99983
99948
99903
99985
99948
99962
99917
99922
99931
99920
99982
99901
99902
99946
99975
99994
99938
100000
99916
99931
99934
99925
99975
99928
99910
99989
99911
99934
99931
99956
99943
99987
99976
99919
99900
99902
99939
99984
99930
99937
99905
99946
99998
99965
99947
99924
99971
99968
99905
99973
99901
99990
99921
99922
99970
99991
99964
99943
99911
99973
99951
99914
99981
99948
99952
99921
99916
99933
99961
99989
99985
99924
99987
99968
99945
99900
99999
99971
99982
99931
99931
99926
99961
99951
99906
99975
99942
99959
99988
99990
99956
99996
99900
99919
99909
99918
99960
99979
99960
99940
99964
99944
100000
99957
99938
99938
99937
99934
99926
99994
99985
99968
99939
99996
99901
99917
99919
99996
99986
99906
99979
99932
99952
99918
99923
99906
99918
99920
99992
99942
99947
99984
99904
99902
99955
99981
99920
99989
99904
99925
99964
99900
99995
99905
99937
99912
99999
99900
99998
99986
99916
99978
99984
99990
99905
99976
99982
99908
99991
99939
99982
99995
99918
99968
99990
99966
99929
99949
99960
99939
99901
99906
99968
99933
99971
99908
99956
99980
99938
99971
99984
99992
99995
99981
99951
99995
99907
99928
99983
99941
99908
99985
99991
99983
99965
99993
99951
99974
99909
99988
99967
99972
99974
99971
99981
99975
99991
99967
99948
99903
99982
99972
99953
99954
99978
99998
99998
99994
99949
99999
99954
99988
99959
99956
99929
99960
99954
99964
99977
99955
99956
99967
99931
99907
99943
99964
99963
99962
99925
99928
99920
99955
99976
99996
99960
99924
99977
99981
99984
99931
99993
99939
99946
99992
99973
100000
99922
99903
99914
99906
99927
99915
99952
99933
99930
99916
99906
99978
99986
99962
99934
99928
99977
99982
99976
99929
99922
99943
99931
99974
99992
99926
99945
99958
99986
99981
99935
99943
99980
99977
99929
99951
99942
99932
99925
99997
99985
99963
99957
99994
99905
99987
99900
99905
99948
99940
99900
99976
99915
99965
99919
99955
99925
99940
99905
99987
99921
99987
99923
99987
99904
99994
99982
99914
99934
99904
99925
99939
99953
99967
99992
99942
99924
99915
99966
99919
99917
99934
99917
99991
99997
99932
99984
99942
99915
99923
99957
99917
99974
99934
99999
99918
99981
99983
99961
99923
99983
99978
99943
99994
99916
99927
99911
99952
99954
99921
99977
99956
99944
99961
99942
99906
99946
99969
99957
99933
99948
99997
99902
99983
99978
99984
99953
99921
99932
99981
100000
99936
99924
99930
99919
99969
99989
99962
99957
99982
99910
99989
99936
99940
99985
99936
99986
99903
99954
99969
99904
99974
99924
99932
99955
99914
99991
99946
99970
99935
99988
99939
99989
99919
99962
99919
99997
99949
99963
99932
99953
99958
99902
99950
99946
99943
99958
99923
99907
99995
99951
99968
99997
99997
99968
99956
99919
99989
99996
99955
99976
99992
99967
99900
99954
99960
99994
99956
99932
99926
99979
99943
99908
99944
99979
99936
99959
99960
99927
99907
99961
99950
99923
99996
99967
99907
99971
99996
99942
99951
99970
99976
99912
99987
99965
99931
99966
99987
99973
99970
99914
99950
99970
99965
99990
99983
99938
99983
99970
99948
99941
99966
99992
99969
99997
99953
99945
99996
99955
99996
